0.7817,0.735,0.73,0.8003,0.8105,0.322,0.0567,0.887,0.921,0.3948,0.8574,0.4712,0.8228,0.815,0.3604,0.6914,0.458,0.3735,0.10645,0.8105,0.4712,0.6963,0.03014,0.3706,0.0347,0.827,0.3838,0.2391,0.815,0.3416,0.909,0.4712,0.688,0.4062,0.6577,0.7725,0.2369,0.012726,0.5693,0.7666,0.998,0.04895,0.8105,0.996,0.3433,0.3706,0.2224,0.742,0.827,0.2087,0.574,0.4854,0.2087,0.8076,0.6216,0.8306,0.1917,0.3604,0.705,0.714,0.679,0.5283,0.6963,0.3374,0.6772,0.2369,0.7407,0.3838,0.5166,0.535,0.3948,0.8438,0.5522,0.0567,0.0342,0.698,0.8984,0.5166,0.688,0.742,0.0347,0.928,0.925,0.574,0.753,0.322,0.05096,0.05096,0.3374,0.1907,0.0342,0.909,0.3416,0.71,0.7817,0.8984,0.6772,0.8306,0.04895,0.735
0.8237,0.7583,0.714,0.8057,0.825,0.322,0.2257,0.887,0.9424,0.665,0.75,0.5303,0.8027,0.673,0.5166,0.6816,0.3604,0.354,0.07056,0.661,0.5664,0.6313,0.03217,0.501,0.02286,0.664,0.547,0.238,0.743,0.4326,0.904,0.588,0.5605,0.4902,0.6753,0.7344,0.354,0.1771,0.4749,0.744,0.8174,0.04156,0.7974,0.996,0.4358,0.2812,0.2224,0.78,0.792,0.2087,0.635,0.6367,0.2087,0.751,0.578,0.7324,0.2812,0.5464,0.5674,0.6406,0.6816,0.538,0.636,0.4868,0.6123,0.3623,0.665,0.2805,0.4395,0.509,0.2257,0.8203,0.4165,0.04572,0.04156,0.6113,0.755,0.665,0.6367,0.75,0.07056,0.841,0.9424,0.665,0.7383,0.322,0.05096,0.05096,0.4749,0.3877,0.03217,0.8237,0.4165,0.744,0.792,0.904,0.3877,0.825,0.04895,0.743
0.7695,0.791,0.818,0.7666,0.7812,0.322,0.3228,0.887,0.875,0.77,0.712,0.415,0.7783,0.7764,0.5527,0.619,0.2578,0.3967,0.07056,0.664,0.3674,0.623,0.1266,0.559,0.02751,0.623,0.537,0.0709,0.7354,0.4204,0.8203,0.4478,0.5635,0.4912,0.6787,0.7393,0.6313,0.3674,0.553,0.6484,0.8213,0.04156,0.801,0.8154,0.3633,0.4648,0.2578,0.7783,0.6333,0.2087,0.7217,0.679,0.2087,0.7476,0.5527,0.7666,0.1614,0.547,0.5635,0.6387,0.6787,0.5747,0.6587,0.3423,0.5747,0.3633,0.662,0.3423,0.621,0.619,0.1266,0.7397,0.583,0.0709,0.04156,0.6377,0.7866,0.664,0.6377,0.602,0.07056,0.7764,0.883,0.6333,0.7397,0.4614,0.05096,0.05096,0.4614,0.4949,0.04056,0.689,0.4204,0.7183,0.7866,0.818,0.415,0.7695,0.04056,0.7393
0.7324,0.7803,0.799,0.7793,0.782,0.2418,0.1965,0.832,0.7935,0.785,0.6396,0.62,0.6816,0.7793,0.621,0.62,0.5615,0.5405,0.255,0.664,0.311,0.5703,0.2969,0.673,0.04904,0.63,0.4585,0.1838,0.7373,0.3022,0.7783,0.59,0.4329,0.6387,0.5557,0.7783,0.63,0.394,0.5933,0.5527,0.8267,0.04108,0.785,0.6865,0.3633,0.421,0.326,0.7324,0.6626,0.2087,0.7363,0.6846,0.2087,0.7476,0.608,0.768,0.2418,0.6436,0.558,0.62,0.6816,0.5913,0.549,0.4668,0.5615,0.421,0.6626,0.3423,0.544,0.5405,0.08356,0.7383,0.5703,0.1965,0.04156,0.6123,0.7773,0.6274,0.6387,0.5967,0.02452,0.7227,0.7363,0.6123,0.5503,0.573,0.05096,0.05096,0.478,0.5254,0.04108,0.5073,0.5166,0.7227,0.5947,0.7783,0.5503,0.686,0.08356,0.7324
0.634,0.7563,0.6875,0.7676,0.7646,0.2418,0.1965,0.5693,0.7646,0.7563,0.6416,0.6855,0.688,0.7783,0.5723,0.632,0.676,0.6084,0.255,0.63,0.2563,0.5894,0.3018,0.6855,0.05,0.6094,0.4585,0.09814,0.711,0.3042,0.694,0.591,0.674,0.674,0.573,0.715,0.63,0.3787,0.573,0.6094,0.6514,0.04108,0.6094,0.71,0.4941,0.5947,0.334,0.5737,0.629,0.2563,0.6846,0.67,0.1964,0.7173,0.632,0.71,0.2418,0.6797,0.554,0.582,0.674,0.6353,0.4312,0.4668,0.5576,0.4312,0.7,0.57,0.6084,0.503,0.08356,0.674,0.57,0.1964,0.04156,0.6846,0.7783,0.6694,0.5977,0.5967,0.03726,0.6943,0.7305,0.715,0.5737,0.652,0.02548,0.03726,0.503,0.5977,0.04108,0.6514,0.5723,0.6943,0.6406,0.7095,0.634,0.688,0.08356,0.5947
0.67,0.674,0.6875,0.766,0.719,0.2418,0.1965,0.62,0.7305,0.6943,0.668,0.708,0.6978,0.7275,0.6543,0.634,0.6743,0.6313,0.2559,0.631,0.4434,0.6523,0.398,0.685,0.025,0.5264,0.5205,0.0698,0.71,0.4382,0.687,0.5957,0.6,0.675,0.591,0.7,0.6294,0.5234,0.585,0.615,0.6333,0.04108,0.5967,0.672,0.535,0.565,0.4927,0.5693,0.5996,0.2559,0.6895,0.5967,0.1965,0.7275,0.615,0.6357,0.435,0.687,0.5938,0.4795,0.675,0.5366,0.484,0.4668,0.5254,0.435,0.6943,0.527,0.535,0.535,0.04178,0.627,0.584,0.1965,0.0698,0.6562,0.7,0.615,0.5967,0.668,0.03726,0.6553,0.693,0.668,0.5967,0.674,0.02725,0.03726,0.535,0.6396,0.0478,0.582,0.5103,0.6025,0.6396,0.6562,0.645,0.67,0.0478,0.5947
0.565,0.675,0.6865,0.747,0.714,0.4407,0.1965,0.669,0.7153,0.683,0.676,0.6943,0.6963,0.7217,0.671,0.6367,0.6045,0.562,0.2559,0.63,0.442,0.6543,0.4753,0.6865,0.02612,0.531,0.645,0.0698,0.668,0.554,0.5566,0.5967,0.6226,0.672,0.635,0.7,0.651,0.5254,0.555,0.633,0.624,0.04144,0.6147,0.6436,0.5894,0.5596,0.5757,0.53,0.57,0.4128,0.668,0.508,0.3506,0.669,0.483,0.655,0.5205,0.5693,0.624,0.547,0.645,0.58,0.484,0.4753,0.5474,0.5566,0.6943,0.5513,0.543,0.6045,0.04144,0.6055,0.574,0.3853,0.2275,0.6543,0.708,0.4258,0.5107,0.668,0.03726,0.635,0.7,0.635,0.5996,0.5454,0.02612,0.01863,0.538,0.49,0.0478,0.5205,0.508,0.5996,0.5186,0.668,0.5703,0.565,0.0478,0.635
0.548,0.62,0.6533,0.6045,0.717,0.4414,0.1222,0.6553,0.717,0.676,0.6685,0.6846,0.6665,0.6885,0.5957,0.55,0.591,0.532,0.2417,0.622,0.54,0.5967,0.536,0.643,0.02612,0.541,0.593,0.0349,0.634,0.5557,0.558,0.5967,0.622,0.6094,0.6514,0.6675,0.64,0.5723,0.5537,0.634,0.498,0.04144,0.52,0.6445,0.5664,0.6006,0.6074,0.538,0.583,0.4478,0.632,0.57,0.498,0.6753,0.5083,0.6553,0.5146,0.5537,0.6475,0.5464,0.5957,0.588,0.5146,0.5547,0.5986,0.577,0.6846,0.5537,0.572,0.5615,0.02072,0.6006,0.591,0.51,0.2417,0.6475,0.704,0.55,0.532,0.62,0.03726,0.6,0.6523,0.6436,0.6436,0.55,0.02612,0.01863,0.591,0.52,0.0478,0.6045,0.5083,0.5806,0.622,0.6514,0.622,0.5723,0.1222,0.548
0.563,0.567,0.6357,0.5957,0.6553,0.5186,0.048,0.6553,0.671,0.581,0.66,0.668,0.668,0.669,0.62,0.61,0.595,0.5664,0.404,0.5605,0.622,0.5957,0.544,0.633,0.02237,0.5723,0.54,0.0479,0.587,0.5723,0.572,0.584,0.5747,0.5195,0.627,0.669,0.63,0.5996,0.5767,0.6357,0.5376,0.03108,0.5283,0.62,0.5474,0.574,0.5576,0.5234,0.572,0.5166,0.669,0.5815,0.544,0.614,0.5283,0.635,0.5747,0.5645,0.606,0.5747,0.5625,0.5522,0.5166,0.5576,0.627,0.5723,0.669,0.562,0.5674,0.572,0.01554,0.634,0.595,0.3826,0.166,0.624,0.6006,0.575,0.5522,0.6025,0.21,0.6006,0.6313,0.6377,0.634,0.567,0.02612,0.02237,0.627,0.5195,0.0479,0.5996,0.6235,0.5815,0.609,0.6235,0.623,0.5977,0.166,0.563
0.6123,0.565,0.6006,0.598,0.627,0.517,0.03952,0.5996,0.6426,0.604,0.635,0.6357,0.6685,0.6523,0.636,0.6357,0.615,0.567,0.505,0.5635,0.6455,0.6113,0.5796,0.6343,0.02237,0.576,0.5605,0.04794,0.5854,0.5693,0.5723,0.579,0.577,0.5483,0.588,0.6187,0.625,0.6143,0.59,0.624,0.533,0.03952,0.54,0.6245,0.5596,0.5996,0.5786,0.545,0.575,0.517,0.6104,0.5835,0.5527,0.6143,0.5737,0.6045,0.59,0.5693,0.5474,0.6104,0.5576,0.5996,0.5186,0.5527,0.582,0.571,0.6133,0.592,0.5684,0.603,0.01554,0.601,0.585,0.4863,0.166,0.6123,0.6064,0.5957,0.5986,0.5273,0.21,0.5635,0.5996,0.587,0.603,0.575,0.02612,0.02237,0.601,0.5596,0.02397,0.5796,0.6016,0.5835,0.6187,0.623,0.6123,0.5986,0.166,0.5635
0.575,0.589,0.6,0.6055,0.631,0.5527,0.02753,0.581,0.6064,0.6025,0.6245,0.606,0.657,0.6006,0.6133,0.623,0.619,0.5723,0.564,0.585,0.621,0.617,0.6006,0.6157,0.0942,0.5957,0.545,0.04794,0.581,0.5825,0.5835,0.562,0.5747,0.5938,0.588,0.6035,0.613,0.6143,0.5835,0.619,0.549,0.01976,0.5513,0.619,0.5894,0.5947,0.593,0.578,0.5767,0.5586,0.5967,0.59,0.573,0.593,0.5796,0.5986,0.606,0.569,0.549,0.603,0.5513,0.582,0.539,0.5674,0.5747,0.584,0.5947,0.587,0.578,0.591,0.02753,0.541,0.5903,0.541,0.188,0.6143,0.5986,0.6006,0.5635,0.5635,0.188,0.5815,0.5938,0.584,0.5938,0.573,0.02505,0.02237,0.6025,0.5664,0.02505,0.573,0.5933,0.5884,0.619,0.576,0.613,0.5874,0.0942,0.575
0.5933,0.582,0.604,0.6055,0.597,0.5723,0.0589,0.5815,0.6035,0.588,0.5986,0.579,0.63,0.5996,0.582,0.6084,0.6084,0.578,0.577,0.5874,0.6255,0.613,0.613,0.6074,0.03754,0.593,0.5664,0.02376,0.5796,0.581,0.5947,0.5605,0.585,0.5894,0.589,0.5723,0.6006,0.6074,0.588,0.6133,0.577,0.02365,0.5815,0.6006,0.5967,0.5957,0.5938,0.587,0.588,0.5737,0.585,0.586,0.577,0.5894,0.585,0.5723,0.6055,0.5674,0.5723,0.593,0.581,0.5815,0.5645,0.381,0.593,0.587,0.5845,0.586,0.585,0.573,0.03754,0.557,0.5723,0.5723,0.3801,0.4893,0.544,0.5723,0.585,0.5645,0.381,0.583,0.5957,0.587,0.5938,0.576,0.02505,0.02371,0.5996,0.5723,0.02371,0.5854,0.5723,0.585,0.613,0.576,0.599,0.5933,0.0589,0.577
0.5815,0.5835,0.6,0.5967,0.602,0.5845,0.0589,0.583,0.5933,0.5854,0.5957,0.5815,0.612,0.593,0.577,0.6006,0.591,0.5776,0.589,0.592,0.6025,0.6006,0.6064,0.607,0.03754,0.5996,0.5654,0.02374,0.5815,0.5903,0.593,0.572,0.589,0.589,0.589,0.5806,0.5923,0.602,0.5986,0.6133,0.588,0.02438,0.5796,0.59,0.5933,0.593,0.6025,0.4878,0.588,0.59,0.588,0.587,0.582,0.59,0.5835,0.578,0.6,0.5703,0.575,0.584,0.583,0.583,0.574,0.4775,0.535,0.561,0.5728,0.5854,0.584,0.5767,0.03754,0.5605,0.577,0.5747,0.1903,0.5425,0.56,0.573,0.588,0.567,0.4878,0.581,0.5615,0.574,0.5923,0.5767,0.02438,0.02371,0.587,0.5796,0.02371,0.581,0.572,0.583,0.598,0.579,0.6025,0.586,0.0589,0.5815
0.583,0.5825,0.5913,0.59,0.5967,0.584,0.0589,0.59,0.592,0.589,0.59,0.585,0.602,0.577,0.583,0.592,0.5894,0.578,0.5903,0.592,0.5967,0.575,0.6025,0.6016,0.03754,0.5996,0.532,0.02373,0.592,0.591,0.592,0.582,0.5854,0.5864,0.588,0.5894,0.5947,0.594,0.6025,0.6045,0.596,0.02438,0.588,0.589,0.5977,0.5835,0.5957,0.542,0.565,0.579,0.5645,0.5312,0.577,0.587,0.3894,0.583,0.5913,0.5693,0.575,0.591,0.587,0.585,0.5796,0.5312,0.558,0.5693,0.5835,0.5825,0.583,0.5796,0.03062,0.569,0.574,0.575,0.3894,0.562,0.575,0.5737,0.582,0.5645,0.532,0.5703,0.5693,0.5723,0.587,0.5693,0.02438,0.03062,0.587,0.583,0.02373,0.579,0.585,0.583,0.5947,0.581,0.583,0.5864,0.0589,0.5815
0.584,0.583,0.587,0.5884,0.593,0.588,0.0589,0.5913,0.59,0.5894,0.59,0.5874,0.5977,0.582,0.583,0.589,0.588,0.58,0.5957,0.59,0.594,0.5825,0.593,0.595,0.03096,0.5977,0.5625,0.0239,0.587,0.5767,0.5854,0.584,0.585,0.586,0.4883,0.588,0.5664,0.593,0.5957,0.497,0.591,0.03096,0.5903,0.59,0.5938,0.589,0.5923,0.5625,0.5645,0.586,0.575,0.553,0.576,0.5703,0.5337,0.5635,0.5537,0.5723,0.5737,0.582,0.5845,0.581,0.584,0.5576,0.5625,0.5635,0.583,0.572,0.577,0.581,0.03062,0.5635,0.581,0.583,0.4883,0.5625,0.5796,0.5767,0.579,0.572,0.574,0.5713,0.5703,0.5713,0.579,0.576,0.02405,0.03062,0.583,0.5796,0.0239,0.579,0.582,0.5825,0.574,0.582,0.5815,0.586,0.0589,0.584
0.5835,0.5835,0.585,0.576,0.589,0.5664,0.0589,0.577,0.589,0.591,0.592,0.592,0.5938,0.588,0.5854,0.583,0.5874,0.5776,0.582,0.589,0.5728,0.586,0.5894,0.5635,0.03096,0.5903,0.576,0.0239,0.5815,0.579,0.582,0.583,0.584,0.5874,0.538,0.563,0.573,0.578,0.585,0.544,0.588,0.03096,0.589,0.5903,0.5913,0.59,0.5903,0.576,0.575,0.581,0.579,0.5713,0.5776,0.574,0.5635,0.569,0.5728,0.5747,0.575,0.575,0.5874,0.578,0.581,0.5684,0.572,0.574,0.5786,0.575,0.575,0.578,0.03062,0.571,0.576,0.56,0.53,0.5664,0.583,0.582,0.5693,0.5703,0.5723,0.551,0.5605,0.5713,0.5645,0.5703,0.02397,0.03062,0.5767,0.575,0.02397,0.577,0.5796,0.582,0.577,0.5796,0.5806,0.583,0.0589,0.5835
0.584,0.5835,0.584,0.58,0.5845,0.568,0.0589,0.576,0.582,0.587,0.587,0.575,0.5693,0.5693,0.582,0.585,0.586,0.582,0.563,0.5884,0.579,0.5825,0.587,0.573,0.03096,0.582,0.5713,0.02394,0.582,0.579,0.58,0.582,0.5845,0.586,0.542,0.5703,0.579,0.575,0.58,0.563,0.5884,0.03079,0.584,0.587,0.5884,0.589,0.579,0.5825,0.579,0.574,0.581,0.5723,0.576,0.575,0.5713,0.574,0.574,0.576,0.571,0.579,0.583,0.5806,0.581,0.5723,0.5713,0.5776,0.581,0.576,0.58,0.579,0.01531,0.5703,0.577,0.575,0.542,0.571,0.58,0.581,0.5693,0.5757,0.574,0.5693,0.568,0.5728,0.571,0.5713,0.02396,0.03079,0.579,0.573,0.02394,0.5723,0.576,0.579,0.578,0.58,0.579,0.581,0.0589,0.584
0.5786,0.584,0.584,0.582,0.583,0.575,0.0589,0.5757,0.582,0.583,0.585,0.58,0.5747,0.5723,0.577,0.581,0.5835,0.583,0.573,0.581,0.58,0.581,0.584,0.5786,0.03084,0.58,0.581,0.02396,0.579,0.58,0.5796,0.581,0.582,0.581,0.5615,0.566,0.5723,0.5737,0.577,0.5664,0.583,0.03088,0.5835,0.5854,0.58,0.584,0.581,0.582,0.58,0.577,0.579,0.5757,0.576,0.5757,0.573,0.5737,0.574,0.575,0.573,0.576,0.5796,0.58,0.58,0.576,0.578,0.577,0.5796,0.578,0.579,0.5605,0.01531,0.5728,0.575,0.575,0.5605,0.573,0.5767,0.579,0.574,0.575,0.5747,0.577,0.5693,0.5737,0.5723,0.5713,0.02396,0.03084,0.575,0.5737,0.02396,0.573,0.575,0.5796,0.579,0.5796,0.579,0.58,0.0589,0.5786
0.579,0.581,0.5825,0.582,0.583,0.579,0.0589,0.577,0.5796,0.581,0.5825,0.5806,0.5776,0.575,0.576,0.5786,0.581,0.582,0.5776,0.579,0.5796,0.58,0.582,0.58,0.02307,0.58,0.5806,0.02396,0.58,0.58,0.58,0.5806,0.581,0.581,0.5605,0.5664,0.5767,0.575,0.576,0.5713,0.583,0.03085,0.583,0.58,0.5757,0.5796,0.578,0.58,0.58,0.574,0.579,0.577,0.5767,0.576,0.5747,0.574,0.574,0.577,0.575,0.5757,0.5776,0.579,0.581,0.5786,0.578,0.5776,0.5786,0.578,0.5786,0.57,0.02307,0.576,0.5723,0.5737,0.5605,0.573,0.575,0.577,0.5757,0.575,0.575,0.576,0.574,0.575,0.5737,0.5723,0.02396,0.01543,0.576,0.575,0.02396,0.574,0.5747,0.577,0.578,0.579,0.5776,0.579,0.0589,0.579
0.579,0.581,0.581,0.5815,0.582,0.5806,0.0589,0.579,0.579,0.58,0.581,0.58,0.579,0.577,0.5767,0.5776,0.579,0.5806,0.579,0.579,0.579,0.5796,0.581,0.5806,0.02307,0.58,0.58,0.02396,0.58,0.58,0.58,0.58,0.5806,0.581,0.571,0.573,0.5737,0.574,0.579,0.5703,0.579,0.03085,0.579,0.5796,0.5776,0.575,0.5767,0.578,0.579,0.5767,0.578,0.5776,0.577,0.5767,0.5757,0.575,0.5747,0.576,0.5757,0.5757,0.5767,0.578,0.5796,0.579,0.5786,0.578,0.578,0.578,0.578,0.574,0.02307,0.575,0.5737,0.5737,0.5605,0.573,0.574,0.5757,0.5757,0.575,0.575,0.5757,0.575,0.575,0.574,0.574,0.02396,0.03717,0.574,0.5747,0.02396,0.574,0.574,0.5757,0.577,0.578,0.578,0.5786,0.03717,0.579
0.578,0.58,0.5806,0.575,0.5806,0.5806,0.04486,0.58,0.5796,0.58,0.5806,0.58,0.5796,0.578,0.577,0.577,0.578,0.579,0.5796,0.579,0.579,0.579,0.58,0.58,0.02307,0.58,0.58,0.02396,0.58,0.58,0.58,0.58,0.5806,0.5806,0.575,0.5767,0.575,0.5747,0.577,0.574,0.578,0.02243,0.579,0.579,0.578,0.5767,0.5767,0.577,0.578,0.577,0.5776,0.5776,0.577,0.577,0.576,0.5757,0.575,0.5757,0.5757,0.5757,0.576,0.577,0.578,0.5693,0.5786,0.578,0.578,0.578,0.578,0.576,0.02307,0.5757,0.5747,0.5737,0.5693,0.5737,0.574,0.575,0.575,0.575,0.575,0.575,0.575,0.575,0.5747,0.574,0.01198,0.03717,0.574,0.574,0.02396,0.574,0.574,0.575,0.576,0.575,0.5767,0.5776,0.03717,0.578
0.5776,0.579,0.58,0.5776,0.579,0.58,0.04486,0.58,0.58,0.58,0.58,0.58,0.58,0.579,0.578,0.5776,0.578,0.5786,0.578,0.579,0.579,0.579,0.5796,0.58,0.02307,0.58,0.58,0.02396,0.58,0.58,0.58,0.58,0.58,0.58,0.5776,0.577,0.575,0.575,0.576,0.575,0.5767,0.01721,0.578,0.5786,0.578,0.577,0.577,0.577,0.5776,0.577,0.577,0.577,0.577,0.5776,0.577,0.5728,0.5757,0.5757,0.5757,0.5757,0.576,0.5767,0.577,0.573,0.576,0.577,0.5776,0.578,0.578,0.577,0.02307,0.576,0.575,0.574,0.5728,0.575,0.574,0.5747,0.575,0.575,0.575,0.575,0.575,0.575,0.575,0.5747,0.01721,0.03717,0.574,0.574,0.02396,0.574,0.574,0.5747,0.575,0.575,0.576,0.577,0.03717,0.5776
0.577,0.578,0.579,0.578,0.5786,0.579,0.04486,0.5796,0.58,0.58,0.58,0.58,0.58,0.5796,0.579,0.578,0.578,0.578,0.578,0.5786,0.579,0.579,0.579,0.576,0.02307,0.58,0.58,0.02396,0.58,0.58,0.58,0.58,0.58,0.58,0.579,0.578,0.5767,0.576,0.576,0.5757,0.576,0.01721,0.577,0.578,0.578,0.5776,0.577,0.577,0.577,0.577,0.577,0.577,0.577,0.577,0.577,0.575,0.575,0.575,0.575,0.575,0.5757,0.576,0.5767,0.574,0.576,0.5767,0.577,0.5776,0.578,0.5776,0.011536,0.577,0.576,0.575,0.574,0.575,0.5747,0.5747,0.575,0.575,0.575,0.575,0.575,0.575,0.575,0.575,0.01721,0.03717,0.5747,0.574,0.01198,0.574,0.574,0.574,0.5747,0.575,0.5757,0.576,0.03717,0.577
0.576,0.5776,0.578,0.578,0.578,0.5786,0.04486,0.579,0.5796,0.58,0.58,0.58,0.58,0.58,0.5796,0.579,0.5786,0.578,0.578,0.578,0.5786,0.579,0.579,0.5776,0.03012,0.579,0.5796,0.02396,0.58,0.58,0.58,0.58,0.58,0.58,0.5796,0.579,0.578,0.577,0.5767,0.576,0.576,0.008606,0.5767,0.577,0.5776,0.5776,0.577,0.577,0.577,0.577,0.577,0.577,0.577,0.577,0.577,0.576,0.5757,0.575,0.575,0.575,0.575,0.5757,0.576,0.575,0.5757,0.576,0.5767,0.577,0.5776,0.5776,0.01437,0.577,0.5767,0.576,0.575,0.575,0.575,0.575,0.575,0.575,0.575,0.575,0.575,0.575,0.575,0.575,0.013176,0.03363,0.575,0.5747,0.013176,0.574,0.574,0.574,0.574,0.5747,0.575,0.5757,0.03363,0.576
0.5757,0.577,0.5776,0.578,0.578,0.578,0.03442,0.5786,0.579,0.5796,0.58,0.58,0.58,0.58,0.58,0.5796,0.579,0.5786,0.578,0.578,0.578,0.5786,0.579,0.578,0.03275,0.5786,0.579,0.03442,0.5796,0.58,0.58,0.58,0.58,0.58,0.58,0.5796,0.579,0.578,0.577,0.5767,0.576,0.010895,0.576,0.5767,0.577,0.577,0.577,0.577,0.577,0.577,0.577,0.577,0.577,0.577,0.577,0.5767,0.576,0.5757,0.575,0.575,0.575,0.575,0.5757,0.575,0.575,0.5757,0.576,0.5767,0.577,0.577,0.01437,0.577,0.577,0.5767,0.576,0.5757,0.575,0.575,0.575,0.575,0.575,0.575,0.575,0.575,0.575,0.575,0.013176,0.03275,0.575,0.575,0.005447,0.5747,0.574,0.574,0.574,0.574,0.5747,0.575,0.03186,0.5757
0.575,0.577,0.577,0.577,0.5776,0.578,0.03442,0.578,0.5786,0.579,0.5796,0.58,0.58,0.58,0.58,0.58,0.5796,0.579,0.5786,0.578,0.578,0.578,0.5786,0.578,0.03275,0.578,0.5786,0.03442,0.579,0.5796,0.58,0.58,0.58,0.58,0.58,0.58,0.5796,0.579,0.578,0.577,0.5767,0.012634,0.576,0.576,0.5767,0.577,0.577,0.577,0.577,0.577,0.577,0.577,0.577,0.577,0.577,0.577,0.5767,0.576,0.5757,0.575,0.575,0.575,0.575,0.575,0.575,0.575,0.5757,0.576,0.5767,0.577,0.012634,0.577,0.577,0.577,0.5767,0.576,0.5757,0.575,0.575,0.575,0.575,0.575,0.575,0.575,0.575,0.575,0.004654,0.03275,0.575,0.575,0.02058,0.575,0.5747,0.574,0.574,0.574,0.574,0.5747,0.02058,0.575
0.5747,0.576,0.5767,0.577,0.577,0.5776,0.01721,0.578,0.578,0.5786,0.579,0.5796,0.58,0.58,0.58,0.58,0.58,0.5796,0.579,0.5786,0.578,0.578,0.578,0.578,0.03314,0.578,0.578,0.01678,0.5786,0.579,0.5796,0.58,0.58,0.58,0.58,0.58,0.58,0.5796,0.579,0.578,0.577,0.012634,0.5767,0.576,0.576,0.5767,0.577,0.577,0.577,0.577,0.577,0.577,0.577,0.577,0.577,0.577,0.577,0.5767,0.576,0.5757,0.575,0.575,0.575,0.575,0.575,0.575,0.575,0.5757,0.576,0.5767,0.012634,0.577,0.577,0.577,0.577,0.5767,0.576,0.5757,0.575,0.575,0.575,0.575,0.575,0.575,0.575,0.575,0.01262,0.03314,0.575,0.575,0.0166,0.575,0.575,0.5747,0.574,0.574,0.574,0.574,0.0166,0.5747
0.574,0.575,0.576,0.5767,0.577,0.577,0.017,0.5776,0.578,0.578,0.5786,0.579,0.5796,0.58,0.58,0.58,0.58,0.58,0.5796,0.579,0.5786,0.578,0.578,0.578,0.01657,0.578,0.578,0.017,0.578,0.5786,0.579,0.5796,0.58,0.58,0.58,0.58,0.58,0.58,0.5796,0.579,0.578,0.01263,0.577,0.5767,0.576,0.576,0.5767,0.577,0.577,0.577,0.577,0.577,0.577,0.577,0.577,0.577,0.577,0.577,0.5767,0.576,0.5757,0.575,0.575,0.575,0.575,0.575,0.575,0.575,0.5757,0.576,0.012634,0.5767,0.577,0.577,0.577,0.577,0.5767,0.576,0.5757,0.575,0.575,0.575,0.575,0.575,0.575,0.575,0.02289,0.02289,0.575,0.575,0.0166,0.575,0.575,0.575,0.5747,0.574,0.574,0.574,0.0166,0.574
0.574,0.5747,0.575,0.576,0.5767,0.577,0.017,0.5767,0.5776,0.578,0.578,0.5786,0.579,0.5796,0.58,0.58,0.58,0.58,0.58,0.5796,0.579,0.5786,0.578,0.578,0.0166,0.578,0.578,0.0085,0.578,0.578,0.5786,0.579,0.5796,0.58,0.58,0.58,0.58,0.58,0.58,0.5796,0.579,0.012634,0.578,0.577,0.5767,0.576,0.576,0.5767,0.577,0.577,0.577,0.577,0.577,0.577,0.577,0.577,0.577,0.577,0.577,0.5767,0.576,0.5757,0.575,0.575,0.575,0.575,0.575,0.575,0.575,0.5757,0.012634,0.576,0.5767,0.577,0.577,0.577,0.577,0.5767,0.5767,0.576,0.5757,0.575,0.575,0.575,0.575,0.575,0.02289,0.02289,0.575,0.575,0.0166,0.575,0.575,0.575,0.575,0.5747,0.574,0.574,0.0166,0.574
0.574,0.574,0.5747,0.575,0.576,0.5767,0.01265,0.5767,0.577,0.577,0.5776,0.578,0.5786,0.579,0.5796,0.58,0.58,0.58,0.58,0.58,0.5796,0.579,0.5786,0.578,0.0166,0.578,0.578,0.01776,0.578,0.578,0.578,0.5786,0.579,0.5796,0.58,0.58,0.58,0.58,0.58,0.58,0.5796,0.012634,0.579,0.578,0.577,0.5767,0.576,0.576,0.5767,0.577,0.577,0.577,0.577,0.577,0.577,0.577,0.577,0.577,0.577,0.577,0.5767,0.576,0.5757,0.575,0.575,0.575,0.575,0.575,0.575,0.575,0.012634,0.5757,0.576,0.5767,0.577,0.577,0.577,0.577,0.577,0.5767,0.576,0.5757,0.575,0.575,0.575,0.575,0.011444,0.01776,0.575,0.575,0.0167,0.575,0.575,0.575,0.575,0.575,0.5747,0.574,0.00835,0.574
0.574,0.574,0.574,0.5747,0.575,0.577,0.012634,0.576,0.5767,0.577,0.577,0.5776,0.578,0.5786,0.579,0.5796,0.58,0.58,0.58,0.58,0.58,0.5796,0.579,0.5786,0.01718,0.578,0.578,0.01718,0.578,0.578,0.578,0.578,0.5786,0.579,0.5796,0.58,0.58,0.58,0.58,0.58,0.58,0.00632,0.5796,0.579,0.578,0.577,0.5767,0.576,0.576,0.5767,0.577,0.577,0.577,0.577,0.577,0.577,0.577,0.577,0.577,0.577,0.577,0.5767,0.576,0.5757,0.575,0.575,0.575,0.575,0.575,0.575,0.012634,0.575,0.5757,0.576,0.5767,0.577,0.577,0.577,0.577,0.577,0.5767,0.576,0.5757,0.575,0.575,0.575,0.011475,0.01566,0.575,0.575,0.01566,0.575,0.575,0.575,0.575,0.575,0.575,0.5747,0.011475,0.574
0.5747,0.574,0.574,0.574,0.5747,0.576,0.012634,0.576,0.576,0.5767,0.577,0.577,0.5776,0.578,0.5786,0.579,0.5796,0.58,0.58,0.58,0.58,0.58,0.5796,0.579,0.01718,0.5786,0.578,0.01718,0.578,0.578,0.578,0.578,0.578,0.5786,0.579,0.5796,0.58,0.58,0.58,0.58,0.58,0.00632,0.58,0.5796,0.579,0.578,0.577,0.5767,0.576,0.576,0.5767,0.577,0.577,0.577,0.577,0.577,0.577,0.577,0.577,0.577,0.577,0.577,0.5767,0.576,0.5757,0.575,0.575,0.575,0.575,0.575,0.006317,0.575,0.575,0.5757,0.576,0.5767,0.577,0.577,0.577,0.577,0.577,0.5767,0.576,0.5757,0.575,0.575,0.011475,0.01566,0.575,0.575,0.01566,0.575,0.575,0.575,0.575,0.575,0.575,0.575,0.011475,0.5747
0.575,0.574,0.574,0.574,0.574,0.575,0.009476,0.5757,0.576,0.576,0.5767,0.577,0.576,0.5776,0.578,0.5786,0.579,0.5796,0.58,0.58,0.58,0.58,0.58,0.5796,0.01718,0.579,0.5786,0.01718,0.578,0.578,0.578,0.578,0.578,0.578,0.5786,0.579,0.5796,0.58,0.58,0.58,0.58,0.009476,0.58,0.58,0.5796,0.579,0.578,0.577,0.5767,0.576,0.576,0.5767,0.577,0.577,0.577,0.577,0.577,0.577,0.577,0.577,0.577,0.577,0.577,0.5767,0.576,0.576,0.5757,0.575,0.575,0.575,0.006317,0.575,0.575,0.575,0.5757,0.576,0.5767,0.577,0.577,0.577,0.577,0.577,0.5767,0.576,0.5757,0.575,0.005737,0.01566,0.575,0.575,0.013565,0.575,0.575,0.575,0.575,0.575,0.575,0.575,0.013565,0.575
0.575,0.5747,0.574,0.574,0.574,0.5747,0.01152,0.575,0.5757,0.576,0.576,0.5767,0.576,0.578,0.577,0.578,0.5786,0.579,0.5796,0.58,0.58,0.58,0.58,0.58,0.01642,0.5796,0.579,0.01718,0.5786,0.578,0.578,0.578,0.578,0.578,0.578,0.5786,0.579,0.5796,0.58,0.58,0.58,0.009705,0.58,0.58,0.58,0.5796,0.579,0.578,0.577,0.5767,0.576,0.576,0.5767,0.577,0.577,0.577,0.577,0.577,0.577,0.577,0.577,0.577,0.577,0.577,0.5767,0.576,0.576,0.5757,0.575,0.575,0.00784,0.575,0.575,0.575,0.575,0.5757,0.576,0.5767,0.577,0.577,0.577,0.577,0.577,0.5767,0.576,0.5757,0.00392,0.01642,0.575,0.575,0.01152,0.575,0.575,0.575,0.575,0.575,0.575,0.575,0.009705,0.575
0.575,0.575,0.5747,0.574,0.574,0.574,0.01152,0.5747,0.575,0.5757,0.576,0.576,0.576,0.577,0.577,0.5776,0.578,0.5786,0.579,0.5796,0.58,0.58,0.58,0.58,0.0166,0.58,0.5796,0.0168,0.579,0.5786,0.578,0.578,0.578,0.578,0.578,0.578,0.5786,0.579,0.5796,0.58,0.58,0.009705,0.58,0.58,0.58,0.58,0.5796,0.579,0.578,0.577,0.5767,0.576,0.576,0.5767,0.577,0.577,0.577,0.577,0.577,0.577,0.577,0.577,0.577,0.577,0.577,0.5767,0.576,0.576,0.5757,0.575,0.00784,0.575,0.575,0.575,0.575,0.575,0.5757,0.576,0.5767,0.577,0.577,0.577,0.577,0.577,0.5767,0.576,0.006813,0.0166,0.5757,0.575,0.01152,0.575,0.575,0.575,0.575,0.575,0.575,0.575,0.006813,0.575
0.575,0.575,0.575,0.576,0.574,0.574,0.01152,0.574,0.5747,0.575,0.5757,0.576,0.576,0.5767,0.577,0.576,0.5776,0.578,0.5786,0.579,0.5796,0.58,0.58,0.58,0.011986,0.58,0.58,0.0167,0.5796,0.579,0.5786,0.578,0.578,0.578,0.578,0.578,0.578,0.5786,0.579,0.5796,0.58,0.009705,0.58,0.58,0.58,0.58,0.58,0.5796,0.579,0.578,0.577,0.5767,0.576,0.576,0.5767,0.577,0.577,0.577,0.577,0.577,0.577,0.577,0.577,0.577,0.577,0.577,0.5767,0.576,0.576,0.5757,0.007072,0.575,0.575,0.575,0.575,0.575,0.575,0.5757,0.576,0.5767,0.577,0.577,0.577,0.577,0.577,0.5767,0.003536,0.01665,0.576,0.5757,0.01152,0.575,0.575,0.575,0.575,0.575,0.575,0.575,0.011986,0.575
0.575,0.575,0.5747,0.5757,0.575,0.5747,0.01152,0.5747,0.5747,0.575,0.575,0.5757,0.576,0.576,0.5767,0.576,0.577,0.577,0.578,0.5786,0.579,0.5796,0.58,0.58,0.011986,0.58,0.58,0.0167,0.58,0.5796,0.579,0.5786,0.578,0.578,0.578,0.578,0.578,0.578,0.5786,0.579,0.5796,0.00839,0.58,0.58,0.58,0.58,0.58,0.58,0.5796,0.579,0.578,0.577,0.5767,0.576,0.576,0.5767,0.577,0.577,0.577,0.577,0.577,0.577,0.577,0.577,0.577,0.577,0.577,0.5767,0.576,0.576,0.005966,0.5757,0.575,0.575,0.575,0.575,0.575,0.575,0.5757,0.576,0.5767,0.577,0.577,0.577,0.577,0.577,0.005966,0.01665,0.5767,0.576,0.01152,0.5757,0.575,0.575,0.575,0.575,0.575,0.575,0.011986,0.575
0.575,0.575,0.575,0.575,0.575,0.575,0.01152,0.575,0.575,0.575,0.575,0.575,0.5757,0.576,0.576,0.576,0.5767,0.577,0.5776,0.578,0.5786,0.579,0.5796,0.58,0.011986,0.58,0.58,0.01666,0.58,0.58,0.5796,0.579,0.5786,0.578,0.578,0.578,0.578,0.578,0.578,0.5786,0.579,0.00718,0.5796,0.58,0.58,0.58,0.58,0.58,0.58,0.5796,0.579,0.578,0.577,0.5767,0.576,0.576,0.5767,0.577,0.577,0.577,0.577,0.577,0.577,0.577,0.577,0.577,0.577,0.577,0.5767,0.576,0.006573,0.5757,0.575,0.575,0.575,0.575,0.575,0.575,0.575,0.5757,0.576,0.5767,0.577,0.577,0.577,0.577,0.006573,0.01666,0.577,0.5767,0.01152,0.576,0.5757,0.575,0.575,0.575,0.575,0.575,0.011986,0.575
0.575,0.575,0.575,0.575,0.575,0.575,0.01152,0.575,0.575,0.575,0.575,0.575,0.575,0.5757,0.576,0.576,0.576,0.5767,0.577,0.577,0.578,0.5786,0.579,0.5796,0.005993,0.58,0.58,0.01666,0.58,0.58,0.58,0.5796,0.579,0.5786,0.578,0.578,0.578,0.578,0.578,0.578,0.5786,0.00935,0.579,0.5796,0.58,0.58,0.58,0.58,0.58,0.58,0.5796,0.579,0.578,0.577,0.5767,0.576,0.576,0.5767,0.577,0.577,0.577,0.577,0.577,0.577,0.577,0.577,0.577,0.577,0.577,0.5767,0.006573,0.576,0.5757,0.575,0.575,0.575,0.575,0.575,0.575,0.575,0.5757,0.576,0.5767,0.577,0.577,0.577,0.006573,0.01666,0.577,0.577,0.00935,0.5767,0.576,0.5757,0.575,0.575,0.575,0.575,0.011986,0.575
0.575,0.575,0.575,0.575,0.575,0.575,0.00905,0.575,0.575,0.575,0.575,0.575,0.575,0.575,0.5757,0.576,0.576,0.576,0.5767,0.577,0.5776,0.578,0.5786,0.579,0.007675,0.5796,0.58,0.01666,0.58,0.58,0.58,0.58,0.5796,0.579,0.5786,0.578,0.578,0.578,0.578,0.578,0.578,0.007675,0.5786,0.579,0.5796,0.58,0.58,0.58,0.58,0.58,0.58,0.5796,0.579,0.578,0.577,0.5767,0.576,0.576,0.5767,0.577,0.577,0.577,0.577,0.577,0.577,0.577,0.577,0.577,0.577,0.577,0.01059,0.5767,0.576,0.5757,0.575,0.575,0.575,0.575,0.575,0.575,0.575,0.5757,0.576,0.5767,0.577,0.577,0.006573,0.01666,0.577,0.577,0.0092,0.577,0.5767,0.576,0.5757,0.575,0.575,0.575,0.005295,0.575
0.575,0.575,0.575,0.575,0.575,0.575,0.00418,0.575,0.575,0.575,0.575,0.575,0.575,0.575,0.575,0.5757,0.576,0.576,0.576,0.5767,0.577,0.577,0.578,0.5786,0.00836,0.579,0.5796,0.01666,0.58,0.58,0.58,0.58,0.58,0.5796,0.579,0.5786,0.578,0.578,0.578,0.578,0.578,0.007675,0.578,0.5786,0.579,0.5796,0.58,0.58,0.58,0.58,0.58,0.58,0.5796,0.579,0.578,0.577,0.5767,0.576,0.576,0.5767,0.577,0.577,0.577,0.577,0.577,0.577,0.577,0.577,0.577,0.577,0.009895,0.577,0.5767,0.576,0.5757,0.575,0.575,0.575,0.575,0.575,0.575,0.575,0.5757,0.576,0.5767,0.577,0.005936,0.01666,0.577,0.577,0.009895,0.577,0.577,0.5767,0.576,0.5757,0.575,0.575,0.005936,0.575
0.575,0.575,0.575,0.575,0.575,0.575,0.00704,0.575,0.575,0.575,0.575,0.575,0.575,0.575,0.575,0.575,0.5757,0.576,0.576,0.576,0.5767,0.577,0.5776,0.578,0.00836,0.5786,0.579,0.01666,0.5796,0.58,0.58,0.58,0.58,0.58,0.5796,0.579,0.5786,0.578,0.578,0.578,0.578,0.006805,0.578,0.578,0.5786,0.579,0.5796,0.58,0.58,0.58,0.58,0.58,0.58,0.5796,0.579,0.578,0.577,0.5767,0.576,0.576,0.5767,0.577,0.577,0.577,0.577,0.577,0.577,0.577,0.577,0.577,0.013275,0.577,0.577,0.5767,0.576,0.5757,0.575,0.575,0.575,0.575,0.575,0.575,0.575,0.5757,0.576,0.5767,0.00637,0.013275,0.577,0.577,0.00704,0.577,0.577,0.577,0.5767,0.576,0.5757,0.575,0.00637,0.575
0.575,0.575,0.575,0.575,0.575,0.575,0.00704,0.575,0.575,0.575,0.575,0.575,0.575,0.575,0.575,0.575,0.575,0.5757,0.576,0.576,0.576,0.5767,0.577,0.577,0.01251,0.578,0.5786,0.01251,0.579,0.5796,0.58,0.58,0.58,0.58,0.58,0.5796,0.579,0.5786,0.578,0.578,0.578,0.006588,0.578,0.578,0.578,0.5786,0.579,0.5796,0.58,0.58,0.58,0.58,0.58,0.58,0.5796,0.579,0.578,0.577,0.5767,0.576,0.576,0.5767,0.577,0.577,0.577,0.577,0.577,0.577,0.577,0.577,0.013275,0.577,0.577,0.577,0.5767,0.576,0.5757,0.575,0.575,0.575,0.575,0.575,0.575,0.575,0.5757,0.576,0.006477,0.013275,0.5767,0.577,0.00704,0.577,0.577,0.577,0.577,0.5767,0.576,0.5757,0.006477,0.575
0.5757,0.575,0.575,0.575,0.575,0.575,0.00528,0.575,0.575,0.575,0.575,0.575,0.575,0.575,0.575,0.575,0.575,0.575,0.5757,0.576,0.576,0.576,0.5767,0.577,0.01251,0.5776,0.578,0.01251,0.5786,0.579,0.5796,0.58,0.58,0.58,0.58,0.58,0.5796,0.579,0.5786,0.578,0.578,0.00653,0.578,0.578,0.578,0.578,0.5786,0.579,0.5796,0.58,0.58,0.58,0.58,0.58,0.58,0.5796,0.579,0.578,0.577,0.5767,0.576,0.576,0.5767,0.577,0.577,0.577,0.577,0.577,0.577,0.577,0.013275,0.577,0.577,0.577,0.577,0.5767,0.576,0.5757,0.575,0.575,0.575,0.575,0.575,0.575,0.575,0.5757,0.006504,0.013275,0.576,0.5767,0.00528,0.577,0.577,0.577,0.577,0.577,0.5767,0.576,0.003252,0.5757
0.576,0.575,0.575,0.575,0.575,0.575,0.00528,0.575,0.575,0.575,0.575,0.575,0.575,0.575,0.575,0.575,0.575,0.575,0.575,0.5757,0.576,0.576,0.576,0.5767,0.006256,0.578,0.577,0.00788,0.578,0.5786,0.579,0.5796,0.58,0.58,0.58,0.58,0.58,0.5796,0.579,0.5786,0.578,0.006516,0.578,0.578,0.578,0.578,0.578,0.5786,0.579,0.5796,0.58,0.58,0.58,0.58,0.58,0.58,0.5796,0.579,0.578,0.577,0.5767,0.576,0.576,0.5767,0.577,0.577,0.577,0.577,0.577,0.577,0.013275,0.577,0.577,0.577,0.577,0.577,0.5767,0.576,0.5757,0.575,0.575,0.575,0.575,0.575,0.575,0.575,0.006516,0.013275,0.5757,0.576,0.00528,0.5767,0.577,0.577,0.577,0.577,0.577,0.5767,0.00788,0.576
0.5767,0.5757,0.575,0.575,0.575,0.575,0.00528,0.575,0.575,0.575,0.575,0.575,0.575,0.575,0.575,0.575,0.575,0.575,0.575,0.575,0.5757,0.576,0.576,0.576,0.006386,0.577,0.577,0.00788,0.5776,0.578,0.5786,0.579,0.5796,0.58,0.58,0.58,0.58,0.58,0.5796,0.579,0.5786,0.006386,0.578,0.578,0.578,0.578,0.578,0.578,0.5786,0.579,0.5796,0.58,0.58,0.58,0.58,0.58,0.58,0.5796,0.579,0.578,0.577,0.5767,0.576,0.576,0.5767,0.577,0.577,0.577,0.577,0.577,0.013275,0.577,0.577,0.577,0.577,0.577,0.577,0.5767,0.576,0.5757,0.575,0.575,0.575,0.575,0.575,0.575,0.0072,0.013275,0.575,0.5757,0.00528,0.576,0.5767,0.577,0.577,0.577,0.577,0.577,0.0072,0.5767
0.577,0.576,0.5757,0.575,0.575,0.575,0.00528,0.575,0.575,0.575,0.575,0.575,0.575,0.575,0.575,0.575,0.575,0.575,0.575,0.575,0.575,0.5757,0.576,0.576,0.006386,0.5767,0.577,0.007133,0.578,0.5776,0.578,0.5786,0.579,0.5796,0.58,0.58,0.58,0.58,0.58,0.5796,0.579,0.007133,0.5786,0.578,0.578,0.578,0.578,0.578,0.578,0.5786,0.579,0.5796,0.58,0.58,0.58,0.58,0.58,0.58,0.5796,0.579,0.578,0.577,0.5767,0.576,0.576,0.5767,0.577,0.577,0.577,0.577,0.013275,0.577,0.577,0.577,0.577,0.577,0.577,0.577,0.5767,0.576,0.5757,0.575,0.575,0.575,0.575,0.575,0.0072,0.013275,0.575,0.575,0.00528,0.5757,0.576,0.5767,0.577,0.577,0.577,0.577,0.0072,0.577
0.577,0.5767,0.576,0.5757,0.575,0.575,0.00528,0.575,0.575,0.575,0.575,0.575,0.575,0.575,0.575,0.575,0.575,0.575,0.575,0.575,0.575,0.575,0.5757,0.576,0.00676,0.576,0.5767,0.00676,0.577,0.577,0.5776,0.578,0.5786,0.579,0.5796,0.58,0.58,0.58,0.58,0.58,0.5796,0.003582,0.579,0.5786,0.578,0.578,0.578,0.578,0.578,0.578,0.5786,0.579,0.5796,0.58,0.58,0.58,0.58,0.58,0.58,0.5796,0.579,0.578,0.577,0.5767,0.576,0.576,0.5767,0.577,0.577,0.577,0.013275,0.577,0.577,0.577,0.577,0.577,0.577,0.577,0.577,0.5767,0.576,0.5757,0.575,0.575,0.575,0.575,0.00718,0.006638,0.575,0.575,0.00528,0.575,0.5757,0.576,0.5767,0.577,0.577,0.577,0.00718,0.577
0.577,0.577,0.5767,0.576,0.5757,0.575,0.00528,0.575,0.575,0.575,0.575,0.575,0.575,0.575,0.575,0.575,0.575,0.575,0.575,0.575,0.575,0.575,0.575,0.5757,0.00676,0.576,0.576,0.00676,0.5767,0.577,0.577,0.5776,0.578,0.5786,0.579,0.5796,0.58,0.58,0.58,0.58,0.58,0.00511,0.5796,0.579,0.5786,0.578,0.578,0.578,0.578,0.578,0.578,0.5786,0.579,0.5796,0.58,0.58,0.58,0.58,0.58,0.58,0.5796,0.579,0.578,0.577,0.5767,0.576,0.576,0.5767,0.577,0.577,0.006638,0.577,0.577,0.577,0.577,0.577,0.577,0.577,0.577,0.577,0.577,0.576,0.5757,0.575,0.575,0.575,0.00718,0.00511,0.575,0.575,0.00528,0.575,0.575,0.5757,0.576,0.5767,0.577,0.577,0.00718,0.577
0.577,0.577,0.577,0.5767,0.576,0.5757,0.00596,0.575,0.575,0.575,0.575,0.575,0.575,0.575,0.575,0.575,0.575,0.575,0.575,0.575,0.575,0.575,0.575,0.575,0.00676,0.5757,0.576,0.00676,0.576,0.5767,0.577,0.578,0.5776,0.578,0.5786,0.579,0.5796,0.58,0.58,0.58,0.58,0.00511,0.58,0.5796,0.579,0.5786,0.578,0.578,0.578,0.578,0.578,0.578,0.5786,0.579,0.5796,0.58,0.58,0.58,0.58,0.58,0.58,0.5796,0.579,0.578,0.577,0.5767,0.576,0.576,0.5767,0.577,0.00562,0.577,0.577,0.577,0.577,0.577,0.577,0.577,0.577,0.577,0.577,0.5767,0.576,0.5757,0.575,0.575,0.00718,0.00511,0.575,0.575,0.00562,0.575,0.575,0.575,0.5757,0.576,0.5767,0.577,0.00718,0.577
0.577,0.577,0.577,0.577,0.5767,0.576,0.002895,0.5757,0.575,0.575,0.575,0.575,0.575,0.575,0.575,0.575,0.575,0.575,0.575,0.575,0.575,0.575,0.575,0.575,0.00676,0.575,0.5757,0.00676,0.576,0.576,0.5767,0.577,0.5786,0.5776,0.578,0.5786,0.5786,0.579,0.5796,0.58,0.58,0.00511,0.58,0.58,0.5796,0.579,0.5786,0.578,0.578,0.578,0.578,0.578,0.578,0.5786,0.579,0.5796,0.58,0.58,0.58,0.58,0.58,0.58,0.5796,0.579,0.578,0.577,0.5767,0.576,0.576,0.5767,0.005707,0.577,0.577,0.577,0.577,0.577,0.577,0.577,0.577,0.577,0.577,0.577,0.5767,0.576,0.5757,0.575,0.00718,0.00511,0.575,0.575,0.005707,0.575,0.575,0.575,0.575,0.5757,0.576,0.5767,0.00718,0.577
0.5767,0.577,0.577,0.577,0.577,0.5767,0.00483,0.576,0.5757,0.575,0.575,0.575,0.575,0.575,0.575,0.575,0.575,0.575,0.575,0.575,0.575,0.575,0.575,0.575,0.00483,0.575,0.575,0.00697,0.5757,0.576,0.576,0.5767,0.5776,0.5776,0.578,0.578,0.578,0.5786,0.579,0.5796,0.58,0.00511,0.58,0.58,0.58,0.5796,0.579,0.5786,0.578,0.578,0.578,0.578,0.578,0.578,0.5786,0.579,0.5796,0.58,0.58,0.58,0.58,0.58,0.58,0.5796,0.579,0.578,0.577,0.5767,0.576,0.576,0.006443,0.5767,0.577,0.577,0.577,0.577,0.577,0.577,0.577,0.577,0.577,0.577,0.577,0.5767,0.576,0.5757,0.003485,0.00511,0.575,0.575,0.005707,0.575,0.575,0.575,0.575,0.575,0.5757,0.576,0.006443,0.5767
0.576,0.577,0.577,0.577,0.577,0.577,0.004158,0.5767,0.576,0.5757,0.575,0.575,0.575,0.575,0.575,0.575,0.575,0.575,0.575,0.575,0.575,0.575,0.575,0.575,0.00483,0.575,0.575,0.006577,0.575,0.5757,0.576,0.576,0.577,0.5786,0.5776,0.578,0.578,0.578,0.5786,0.579,0.5796,0.00511,0.58,0.58,0.58,0.579,0.579,0.579,0.5786,0.578,0.578,0.578,0.578,0.578,0.578,0.5786,0.579,0.5796,0.58,0.58,0.58,0.58,0.58,0.58,0.5796,0.579,0.578,0.577,0.5767,0.576,0.00614,0.576,0.5767,0.577,0.577,0.577,0.577,0.577,0.577,0.577,0.577,0.577,0.577,0.577,0.5767,0.576,0.002079,0.00511,0.5757,0.575,0.00614,0.575,0.575,0.575,0.575,0.575,0.575,0.5757,0.006706,0.576
0.5757,0.5767,0.577,0.577,0.577,0.577,0.003357,0.577,0.5767,0.576,0.5757,0.575,0.575,0.575,0.575,0.575,0.575,0.575,0.575,0.575,0.575,0.575,0.575,0.575,0.00519,0.575,0.575,0.002827,0.575,0.575,0.5757,0.576,0.5767,0.5776,0.5776,0.578,0.578,0.578,0.578,0.5786,0.579,0.00519,0.5796,0.58,0.58,0.5796,0.579,0.579,0.579,0.5786,0.578,0.578,0.578,0.578,0.578,0.578,0.5786,0.579,0.5796,0.58,0.58,0.58,0.58,0.58,0.58,0.5796,0.579,0.578,0.577,0.5767,0.006424,0.576,0.576,0.5767,0.577,0.577,0.577,0.577,0.577,0.577,0.577,0.577,0.577,0.577,0.577,0.5767,0.003357,0.005627,0.576,0.5757,0.005627,0.575,0.575,0.575,0.575,0.575,0.575,0.575,0.006424,0.5757
0.575,0.576,0.5767,0.577,0.577,0.577,0.003357,0.577,0.577,0.5767,0.576,0.5757,0.575,0.575,0.575,0.575,0.575,0.575,0.575,0.575,0.575,0.575,0.575,0.575,0.00519,0.575,0.575,0.003092,0.575,0.575,0.575,0.5757,0.576,0.577,0.5767,0.5776,0.578,0.578,0.578,0.578,0.5786,0.00519,0.579,0.5796,0.58,0.58,0.5796,0.579,0.579,0.579,0.5786,0.578,0.578,0.578,0.578,0.578,0.578,0.5786,0.579,0.5796,0.58,0.58,0.58,0.58,0.58,0.58,0.5796,0.579,0.578,0.577,0.006424,0.5767,0.576,0.576,0.5767,0.577,0.577,0.577,0.577,0.577,0.577,0.577,0.577,0.577,0.577,0.577,0.003092,0.005627,0.5767,0.5767,0.005627,0.576,0.5757,0.575,0.575,0.575,0.575,0.575,0.006424,0.575
0.575,0.5757,0.576,0.5767,0.577,0.577,0.003223,0.577,0.577,0.577,0.5767,0.576,0.5757,0.575,0.575,0.575,0.575,0.575,0.575,0.575,0.575,0.575,0.575,0.575,0.00519,0.575,0.575,0.003159,0.575,0.575,0.575,0.575,0.5757,0.576,0.576,0.577,0.577,0.5776,0.578,0.578,0.578,0.00519,0.5786,0.579,0.5796,0.58,0.58,0.5796,0.579,0.579,0.579,0.5786,0.578,0.578,0.578,0.578,0.578,0.578,0.5786,0.579,0.5796,0.58,0.58,0.58,0.58,0.58,0.58,0.5796,0.579,0.578,0.006424,0.577,0.5767,0.576,0.576,0.5767,0.577,0.577,0.577,0.577,0.577,0.577,0.577,0.577,0.577,0.577,0.003159,0.005627,0.577,0.577,0.005627,0.5767,0.576,0.5757,0.575,0.575,0.575,0.575,0.006424,0.575
0.575,0.575,0.5757,0.576,0.5767,0.577,0.003191,0.577,0.577,0.577,0.577,0.5767,0.576,0.5757,0.575,0.575,0.575,0.575,0.575,0.575,0.575,0.575,0.575,0.575,0.00519,0.575,0.575,0.003174,0.575,0.575,0.575,0.575,0.575,0.5757,0.576,0.5767,0.577,0.578,0.5776,0.578,0.578,0.00519,0.578,0.5786,0.579,0.5796,0.58,0.58,0.5796,0.579,0.579,0.579,0.5786,0.578,0.578,0.578,0.578,0.578,0.578,0.5786,0.579,0.5796,0.58,0.58,0.58,0.58,0.58,0.58,0.5796,0.579,0.006424,0.578,0.577,0.5767,0.576,0.576,0.5767,0.577,0.577,0.577,0.577,0.577,0.577,0.577,0.577,0.577,0.001587,0.005627,0.577,0.577,0.002813,0.577,0.5767,0.576,0.5757,0.575,0.575,0.575,0.006424,0.575
0.575,0.575,0.575,0.5757,0.576,0.5767,0.003181,0.577,0.577,0.577,0.577,0.577,0.5767,0.576,0.5757,0.575,0.575,0.575,0.575,0.575,0.575,0.575,0.575,0.575,0.00519,0.575,0.575,0.004402,0.575,0.575,0.575,0.575,0.575,0.575,0.5757,0.576,0.5767,0.577,0.577,0.5776,0.578,0.00519,0.578,0.578,0.5786,0.579,0.5796,0.58,0.58,0.5796,0.579,0.579,0.579,0.5786,0.578,0.578,0.578,0.578,0.578,0.578,0.5786,0.579,0.5796,0.58,0.58,0.58,0.58,0.58,0.58,0.5796,0.006424,0.579,0.578,0.577,0.5767,0.576,0.576,0.5767,0.577,0.577,0.577,0.577,0.577,0.577,0.577,0.577,0.002201,0.004402,0.577,0.577,0.002201,0.577,0.577,0.5767,0.576,0.5757,0.575,0.575,0.006424,0.575
0.575,0.575,0.575,0.575,0.5757,0.576,0.00419,0.5767,0.577,0.577,0.577,0.577,0.577,0.5767,0.576,0.5757,0.575,0.575,0.575,0.575,0.575,0.575,0.575,0.575,0.005806,0.575,0.575,0.004402,0.575,0.575,0.575,0.575,0.575,0.575,0.575,0.5757,0.576,0.5767,0.577,0.5786,0.5776,0.00419,0.578,0.578,0.578,0.5786,0.5786,0.579,0.5796,0.5796,0.579,0.579,0.579,0.579,0.5786,0.578,0.578,0.578,0.578,0.578,0.578,0.5786,0.579,0.5796,0.58,0.58,0.58,0.58,0.58,0.58,0.005806,0.5796,0.579,0.578,0.577,0.5767,0.576,0.576,0.5767,0.577,0.577,0.577,0.577,0.577,0.577,0.577,0.002201,0.005413,0.577,0.577,0.001101,0.577,0.577,0.577,0.5767,0.576,0.5757,0.575,0.005413,0.575
0.575,0.575,0.575,0.575,0.575,0.5757,0.00419,0.576,0.5767,0.577,0.577,0.577,0.577,0.577,0.5767,0.576,0.5757,0.575,0.575,0.575,0.575,0.575,0.575,0.575,0.005806,0.575,0.575,0.005104,0.575,0.575,0.575,0.575,0.575,0.575,0.575,0.575,0.5757,0.576,0.5767,0.5776,0.5776,0.00419,0.578,0.578,0.578,0.578,0.578,0.5786,0.579,0.579,0.579,0.579,0.579,0.579,0.579,0.5786,0.578,0.578,0.578,0.578,0.578,0.578,0.5786,0.579,0.5796,0.58,0.58,0.58,0.58,0.58,0.005104,0.58,0.5796,0.579,0.578,0.577,0.5767,0.576,0.576,0.5767,0.577,0.577,0.577,0.577,0.577,0.577,0.001651,0.005413,0.577,0.577,0.0008254,0.577,0.577,0.577,0.577,0.5767,0.576,0.5757,0.005413,0.575
0.5757,0.575,0.575,0.575,0.575,0.575,0.0048,0.5757,0.576,0.5767,0.577,0.577,0.577,0.577,0.577,0.5767,0.576,0.5757,0.575,0.575,0.575,0.575,0.575,0.575,0.005806,0.575,0.575,0.005104,0.575,0.575,0.575,0.575,0.575,0.575,0.575,0.575,0.575,0.5757,0.576,0.577,0.577,0.00419,0.5776,0.578,0.578,0.578,0.578,0.578,0.5786,0.579,0.579,0.579,0.579,0.579,0.579,0.579,0.5786,0.578,0.578,0.578,0.578,0.578,0.578,0.5786,0.579,0.5796,0.58,0.58,0.58,0.58,0.005104,0.58,0.58,0.5796,0.579,0.578,0.577,0.5767,0.576,0.576,0.5767,0.577,0.577,0.577,0.577,0.577,0.002178,0.003532,0.577,0.577,0.002178,0.577,0.577,0.577,0.577,0.577,0.5767,0.576,0.0048,0.5757
0.576,0.575,0.575,0.575,0.575,0.575,0.004807,0.575,0.5757,0.576,0.5767,0.577,0.577,0.577,0.577,0.577,0.5767,0.576,0.5757,0.575,0.575,0.575,0.575,0.575,0.002728,0.575,0.575,0.005127,0.575,0.575,0.575,0.575,0.575,0.575,0.575,0.575,0.575,0.575,0.5757,0.576,0.5767,0.00289,0.577,0.577,0.5776,0.578,0.578,0.578,0.578,0.5786,0.579,0.579,0.579,0.579,0.579,0.579,0.579,0.5786,0.578,0.578,0.578,0.578,0.578,0.578,0.5786,0.579,0.5796,0.58,0.58,0.58,0.005116,0.58,0.58,0.58,0.5796,0.579,0.578,0.577,0.5767,0.576,0.576,0.5767,0.577,0.577,0.577,0.577,0.002178,0.001445,0.577,0.577,0.002178,0.577,0.577,0.577,0.577,0.577,0.577,0.5767,0.004807,0.576
0.5767,0.5757,0.575,0.575,0.575,0.575,0.004807,0.575,0.575,0.5757,0.576,0.5767,0.577,0.577,0.577,0.577,0.577,0.577,0.576,0.5757,0.575,0.575,0.575,0.575,0.003664,0.575,0.575,0.004967,0.575,0.575,0.575,0.575,0.575,0.575,0.575,0.575,0.575,0.575,0.575,0.5757,0.576,0.003407,0.5767,0.577,0.577,0.5776,0.578,0.578,0.578,0.578,0.5786,0.579,0.579,0.579,0.579,0.579,0.579,0.579,0.5786,0.578,0.578,0.578,0.578,0.578,0.578,0.5786,0.579,0.5796,0.58,0.58,0.003664,0.58,0.58,0.58,0.58,0.5796,0.579,0.578,0.577,0.5767,0.576,0.576,0.5767,0.577,0.577,0.577,0.001995,0.001812,0.577,0.577,0.001995,0.577,0.577,0.577,0.577,0.577,0.577,0.577,0.004967,0.5767
0.577,0.576,0.5757,0.575,0.575,0.575,0.00493,0.575,0.575,0.575,0.5757,0.576,0.5767,0.577,0.577,0.577,0.577,0.577,0.5767,0.576,0.5757,0.575,0.575,0.575,0.003664,0.575,0.575,0.004887,0.575,0.575,0.575,0.575,0.575,0.576,0.575,0.575,0.575,0.575,0.575,0.575,0.5757,0.003536,0.576,0.5767,0.577,0.576,0.5776,0.578,0.578,0.578,0.578,0.5786,0.579,0.579,0.579,0.579,0.579,0.579,0.579,0.5786,0.578,0.578,0.578,0.578,0.578,0.578,0.5786,0.579,0.5796,0.58,0.002674,0.58,0.58,0.58,0.58,0.58,0.5796,0.579,0.578,0.577,0.5767,0.576,0.576,0.5767,0.577,0.577,0.001995,0.001337,0.577,0.577,0.000998,0.577,0.577,0.577,0.577,0.577,0.577,0.577,0.00493,0.577
0.577,0.5767,0.576,0.5757,0.575,0.575,0.00493,0.575,0.575,0.575,0.575,0.5757,0.576,0.5767,0.577,0.577,0.577,0.577,0.577,0.5767,0.576,0.5757,0.575,0.575,0.003601,0.575,0.575,0.002453,0.575,0.575,0.575,0.575,0.575,0.5757,0.575,0.575,0.575,0.575,0.575,0.575,0.575,0.001952,0.5757,0.576,0.5767,0.576,0.578,0.577,0.5776,0.578,0.578,0.578,0.5786,0.579,0.579,0.579,0.579,0.579,0.579,0.579,0.5786,0.578,0.578,0.578,0.578,0.578,0.578,0.5786,0.579,0.5796,0.003138,0.58,0.58,0.58,0.58,0.58,0.58,0.5796,0.579,0.578,0.577,0.5767,0.576,0.576,0.5767,0.577,0.001141,0.001952,0.577,0.577,0.001141,0.577,0.577,0.577,0.577,0.577,0.577,0.577,0.004906,0.577
0.577,0.577,0.5767,0.576,0.5757,0.575,0.004303,0.575,0.575,0.575,0.575,0.575,0.5757,0.576,0.5767,0.577,0.577,0.577,0.577,0.577,0.5767,0.576,0.5757,0.575,0.003368,0.575,0.575,0.003685,0.575,0.575,0.575,0.575,0.575,0.575,0.575,0.575,0.575,0.575,0.575,0.575,0.575,0.001952,0.575,0.5757,0.576,0.576,0.577,0.577,0.578,0.5776,0.578,0.578,0.578,0.5786,0.579,0.579,0.579,0.579,0.5786,0.579,0.579,0.5786,0.578,0.578,0.578,0.578,0.578,0.578,0.5786,0.579,0.003368,0.5796,0.58,0.58,0.58,0.58,0.58,0.58,0.5796,0.579,0.578,0.577,0.5767,0.576,0.576,0.5767,0.001141,0.001952,0.577,0.577,0.001141,0.577,0.577,0.577,0.577,0.577,0.577,0.577,0.004303,0.577
0.577,0.577,0.577,0.5767,0.576,0.5757,0.004303,0.575,0.575,0.575,0.575,0.575,0.575,0.5757,0.576,0.5767,0.577,0.577,0.577,0.577,0.577,0.5767,0.576,0.5757,0.003368,0.575,0.575,0.003527,0.575,0.575,0.575,0.575,0.575,0.575,0.575,0.575,0.575,0.575,0.575,0.575,0.575,0.001952,0.575,0.575,0.5757,0.576,0.5767,0.577,0.5776,0.5776,0.578,0.578,0.578,0.578,0.5786,0.579,0.579,0.579,0.579,0.579,0.579,0.579,0.5786,0.578,0.578,0.578,0.578,0.578,0.578,0.5786,0.003527,0.579,0.5796,0.58,0.58,0.58,0.58,0.58,0.58,0.5796,0.579,0.578,0.577,0.5767,0.576,0.576,0.001141,0.001952,0.5767,0.577,0.001141,0.577,0.577,0.577,0.577,0.577,0.577,0.577,0.004303,0.577
0.577,0.577,0.577,0.577,0.5767,0.576,0.004303,0.5757,0.575,0.575,0.575,0.575,0.575,0.575,0.5757,0.576,0.5767,0.577,0.577,0.577,0.577,0.577,0.5767,0.576,0.003468,0.5757,0.575,0.003487,0.575,0.575,0.575,0.575,0.575,0.575,0.575,0.575,0.575,0.575,0.575,0.575,0.575,0.001952,0.575,0.575,0.575,0.5757,0.576,0.5767,0.577,0.577,0.5776,0.578,0.578,0.578,0.578,0.5786,0.579,0.579,0.579,0.579,0.579,0.579,0.579,0.5786,0.578,0.578,0.578,0.578,0.578,0.578,0.003468,0.5786,0.579,0.5796,0.58,0.58,0.58,0.58,0.58,0.58,0.5796,0.579,0.578,0.577,0.5767,0.576,0.001141,0.001952,0.576,0.5767,0.001141,0.577,0.577,0.577,0.577,0.577,0.577,0.577,0.004303,0.577
0.577,0.577,0.577,0.577,0.577,0.5767,0.004303,0.576,0.5757,0.575,0.575,0.575,0.575,0.575,0.575,0.5757,0.576,0.5767,0.577,0.577,0.577,0.577,0.577,0.5767,0.003468,0.576,0.5757,0.003477,0.575,0.575,0.575,0.575,0.575,0.575,0.575,0.575,0.575,0.575,0.575,0.575,0.575,0.001464,0.575,0.575,0.575,0.575,0.5757,0.576,0.5767,0.577,0.578,0.5776,0.578,0.578,0.578,0.578,0.5786,0.579,0.579,0.5786,0.579,0.579,0.579,0.579,0.5786,0.578,0.578,0.578,0.578,0.578,0.003477,0.578,0.5786,0.579,0.5796,0.58,0.58,0.58,0.58,0.58,0.58,0.5796,0.579,0.578,0.577,0.5767,0.001141,0.001464,0.576,0.576,0.001141,0.5767,0.577,0.577,0.577,0.577,0.577,0.577,0.002151,0.577
0.577,0.577,0.577,0.577,0.577,0.577,0.003885,0.5767,0.576,0.5757,0.575,0.575,0.575,0.575,0.575,0.575,0.5757,0.576,0.5767,0.577,0.577,0.577,0.577,0.577,0.003017,0.5767,0.576,0.003477,0.5757,0.575,0.575,0.575,0.575,0.575,0.575,0.575,0.575,0.575,0.575,0.575,0.575,0.001464,0.575,0.575,0.575,0.575,0.575,0.5757,0.576,0.5767,0.577,0.577,0.5776,0.578,0.578,0.578,0.578,0.5786,0.579,0.579,0.579,0.579,0.579,0.579,0.579,0.5786,0.578,0.578,0.578,0.578,0.003477,0.578,0.578,0.5786,0.579,0.5796,0.58,0.58,0.58,0.58,0.58,0.58,0.5796,0.579,0.578,0.577,0.001141,0.000732,0.5767,0.576,0.001141,0.576,0.5767,0.577,0.577,0.577,0.577,0.577,0.003017,0.577
0.577,0.577,0.577,0.577,0.577,0.577,0.002762,0.577,0.5767,0.576,0.5757,0.575,0.575,0.575,0.575,0.575,0.575,0.5757,0.576,0.5767,0.577,0.577,0.577,0.577,0.003132,0.577,0.5767,0.003246,0.576,0.5757,0.576,0.575,0.575,0.575,0.575,0.575,0.575,0.575,0.575,0.575,0.575,0.001098,0.575,0.575,0.575,0.575,0.575,0.575,0.5757,0.576,0.5767,0.577,0.576,0.5776,0.578,0.578,0.578,0.578,0.5786,0.579,0.579,0.579,0.579,0.579,0.579,0.579,0.5786,0.578,0.578,0.578,0.002762,0.578,0.578,0.578,0.5786,0.579,0.5796,0.58,0.58,0.58,0.58,0.58,0.58,0.5796,0.579,0.578,0.001141,0.001098,0.577,0.5767,0.001141,0.576,0.576,0.5767,0.577,0.577,0.577,0.577,0.003132,0.577
0.577,0.577,0.577,0.577,0.577,0.577,0.002762,0.577,0.577,0.5767,0.576,0.5757,0.575,0.575,0.575,0.575,0.575,0.575,0.5757,0.576,0.5767,0.577,0.577,0.577,0.003132,0.577,0.577,0.001623,0.5767,0.576,0.576,0.5757,0.575,0.575,0.575,0.575,0.575,0.575,0.575,0.575,0.575,0.000823,0.575,0.575,0.575,0.575,0.575,0.575,0.575,0.5757,0.576,0.5767,0.576,0.577,0.577,0.5776,0.578,0.578,0.578,0.5786,0.579,0.579,0.579,0.579,0.579,0.579,0.579,0.5786,0.578,0.578,0.002762,0.578,0.578,0.578,0.578,0.5786,0.579,0.5796,0.58,0.58,0.58,0.58,0.58,0.58,0.5796,0.579,0.001141,0.000823,0.578,0.577,0.001141,0.5767,0.576,0.576,0.5767,0.577,0.577,0.577,0.003132,0.577
0.577,0.577,0.577,0.577,0.577,0.577,0.002762,0.577,0.577,0.577,0.5767,0.576,0.5757,0.575,0.575,0.575,0.576,0.575,0.575,0.5757,0.576,0.5767,0.577,0.577,0.003132,0.577,0.577,0.002377,0.577,0.5767,0.576,0.576,0.5757,0.575,0.575,0.575,0.575,0.575,0.575,0.575,0.575,0.000823,0.575,0.575,0.575,0.575,0.575,0.575,0.575,0.575,0.5757,0.576,0.576,0.5767,0.577,0.576,0.5776,0.578,0.578,0.578,0.5786,0.579,0.579,0.579,0.579,0.579,0.579,0.579,0.5786,0.578,0.002762,0.578,0.578,0.578,0.578,0.578,0.5786,0.579,0.5796,0.58,0.58,0.58,0.58,0.58,0.58,0.5796,0.001141,0.000823,0.579,0.578,0.001141,0.577,0.5767,0.576,0.576,0.5767,0.577,0.577,0.002377,0.577
0.577,0.577,0.577,0.577,0.577,0.577,0.002762,0.577,0.577,0.577,0.577,0.5767,0.576,0.5757,0.575,0.575,0.5757,0.575,0.575,0.575,0.5757,0.576,0.5767,0.577,0.002754,0.577,0.577,0.001759,0.577,0.577,0.5767,0.576,0.576,0.5757,0.575,0.575,0.575,0.575,0.575,0.575,0.575,0.000823,0.575,0.575,0.575,0.575,0.575,0.575,0.575,0.575,0.575,0.5757,0.576,0.576,0.5767,0.576,0.577,0.577,0.5776,0.578,0.578,0.5786,0.579,0.579,0.579,0.579,0.579,0.579,0.579,0.5786,0.001381,0.578,0.578,0.578,0.578,0.578,0.578,0.5786,0.579,0.5796,0.58,0.58,0.58,0.58,0.58,0.58,0.001141,0.000823,0.5796,0.579,0.001759,0.578,0.577,0.5767,0.576,0.576,0.5767,0.577,0.002754,0.577
0.577,0.577,0.577,0.577,0.577,0.577,0.002758,0.577,0.577,0.577,0.577,0.577,0.5767,0.576,0.5757,0.575,0.575,0.575,0.575,0.575,0.575,0.5757,0.576,0.5767,0.002068,0.577,0.577,0.001759,0.577,0.577,0.577,0.5767,0.576,0.576,0.5757,0.575,0.575,0.575,0.575,0.575,0.575,0.000823,0.575,0.575,0.575,0.575,0.575,0.575,0.575,0.575,0.575,0.575,0.5757,0.576,0.576,0.576,0.5767,0.577,0.578,0.5776,0.578,0.578,0.5786,0.579,0.579,0.579,0.579,0.579,0.579,0.579,0.002068,0.5786,0.578,0.578,0.578,0.578,0.578,0.578,0.5786,0.579,0.5796,0.58,0.58,0.58,0.58,0.58,0.000982,0.000982,0.58,0.5796,0.001759,0.579,0.578,0.577,0.5767,0.576,0.576,0.5767,0.002758,0.577
0.5767,0.577,0.577,0.577,0.577,0.577,0.002758,0.577,0.577,0.577,0.577,0.577,0.577,0.5767,0.576,0.5757,0.575,0.575,0.575,0.575,0.575,0.575,0.5757,0.576,0.002068,0.5767,0.577,0.001759,0.577,0.577,0.577,0.577,0.5767,0.576,0.576,0.5757,0.575,0.575,0.575,0.575,0.575,0.0009027,0.575,0.575,0.575,0.575,0.575,0.575,0.575,0.575,0.575,0.575,0.575,0.5757,0.576,0.576,0.576,0.5767,0.577,0.578,0.5776,0.578,0.578,0.5786,0.579,0.579,0.579,0.579,0.5786,0.579,0.002068,0.579,0.5786,0.578,0.578,0.578,0.578,0.578,0.578,0.5786,0.579,0.5796,0.58,0.58,0.58,0.58,0.000942,0.000942,0.58,0.58,0.001759,0.5796,0.579,0.578,0.577,0.5767,0.576,0.576,0.002758,0.5767
0.576,0.577,0.577,0.577,0.577,0.577,0.002758,0.577,0.577,0.577,0.577,0.577,0.577,0.577,0.577,0.576,0.5757,0.575,0.575,0.575,0.575,0.575,0.575,0.5757,0.002068,0.576,0.5767,0.001759,0.577,0.577,0.577,0.577,0.577,0.5767,0.576,0.576,0.5757,0.575,0.575,0.575,0.575,0.000932,0.575,0.575,0.575,0.575,0.575,0.575,0.575,0.575,0.575,0.575,0.575,0.575,0.5757,0.576,0.576,0.576,0.5767,0.577,0.577,0.5776,0.578,0.578,0.5786,0.579,0.579,0.579,0.579,0.579,0.002068,0.579,0.579,0.5786,0.578,0.578,0.578,0.578,0.578,0.578,0.5786,0.579,0.5796,0.58,0.58,0.58,0.000927,0.000927,0.58,0.58,0.001759,0.58,0.5796,0.579,0.578,0.577,0.5767,0.576,0.002758,0.576
0.576,0.5767,0.577,0.577,0.577,0.577,0.002758,0.577,0.577,0.577,0.577,0.577,0.577,0.577,0.577,0.5767,0.576,0.5757,0.575,0.575,0.575,0.575,0.575,0.575,0.002068,0.5757,0.576,0.001759,0.5767,0.577,0.577,0.577,0.577,0.577,0.5767,0.576,0.576,0.5757,0.575,0.575,0.575,0.000466,0.575,0.575,0.575,0.575,0.575,0.575,0.575,0.575,0.575,0.575,0.575,0.575,0.575,0.5757,0.576,0.576,0.576,0.5767,0.577,0.579,0.5776,0.578,0.578,0.5786,0.579,0.579,0.579,0.579,0.002068,0.579,0.579,0.579,0.5786,0.578,0.578,0.578,0.578,0.578,0.578,0.5786,0.579,0.5796,0.58,0.58,0.000927,0.000927,0.58,0.58,0.0008793,0.5796,0.5796,0.579,0.5786,0.578,0.577,0.5767,0.002758,0.576
0.5767,0.576,0.5767,0.577,0.577,0.577,0.002758,0.577,0.577,0.577,0.577,0.577,0.577,0.577,0.577,0.577,0.5767,0.576,0.5757,0.575,0.575,0.575,0.575,0.575,0.002068,0.575,0.5757,0.001112,0.576,0.5767,0.577,0.577,0.577,0.577,0.577,0.5767,0.576,0.576,0.5757,0.575,0.575,0.001112,0.575,0.575,0.575,0.575,0.575,0.575,0.575,0.575,0.575,0.575,0.575,0.575,0.575,0.575,0.5757,0.576,0.576,0.576,0.5767,0.578,0.578,0.578,0.578,0.578,0.5786,0.579,0.579,0.579,0.002068,0.579,0.579,0.579,0.579,0.5786,0.578,0.578,0.578,0.578,0.578,0.578,0.5786,0.579,0.5796,0.58,0.000927,0.000903,0.58,0.58,0.000903,0.58,0.58,0.5796,0.579,0.5786,0.578,0.577,0.002758,0.5767
0.577,0.576,0.576,0.5767,0.577,0.577,0.002758,0.577,0.577,0.577,0.577,0.577,0.577,0.577,0.577,0.577,0.577,0.5767,0.576,0.5757,0.575,0.575,0.575,0.575,0.002068,0.575,0.575,0.001112,0.5757,0.576,0.5767,0.577,0.577,0.577,0.577,0.577,0.5767,0.576,0.576,0.5757,0.575,0.001112,0.575,0.575,0.575,0.575,0.575,0.575,0.575,0.575,0.575,0.575,0.575,0.575,0.575,0.575,0.575,0.5757,0.576,0.576,0.576,0.577,0.5776,0.578,0.578,0.578,0.578,0.5786,0.579,0.579,0.002068,0.579,0.579,0.579,0.579,0.579,0.5786,0.578,0.578,0.578,0.578,0.578,0.578,0.5786,0.579,0.5796,0.000915,0.000903,0.58,0.58,0.000915,0.58,0.58,0.58,0.5796,0.579,0.5786,0.578,0.002758,0.577
0.578,0.5767,0.576,0.576,0.5767,0.577,0.002758,0.577,0.577,0.577,0.577,0.577,0.577,0.577,0.577,0.577,0.577,0.577,0.5767,0.576,0.5757,0.575,0.575,0.575,0.002068,0.575,0.575,0.001112,0.575,0.5757,0.576,0.5767,0.577,0.577,0.577,0.577,0.577,0.5767,0.576,0.576,0.5757,0.001112,0.575,0.575,0.575,0.575,0.575,0.575,0.575,0.575,0.575,0.575,0.575,0.575,0.575,0.575,0.575,0.575,0.5757,0.576,0.576,0.5767,0.577,0.577,0.5776,0.578,0.578,0.578,0.5786,0.579,0.002068,0.579,0.579,0.579,0.579,0.579,0.579,0.5786,0.578,0.578,0.578,0.578,0.578,0.578,0.5786,0.579,0.000909,0.0009117,0.5796,0.58,0.0009117,0.58,0.58,0.58,0.58,0.5796,0.579,0.5786,0.002758,0.578
0.5786,0.577,0.5767,0.576,0.576,0.5767,0.002758,0.577,0.577,0.577,0.577,0.577,0.577,0.577,0.577,0.577,0.577,0.577,0.577,0.5767,0.576,0.5757,0.575,0.575,0.002068,0.575,0.575,0.001112,0.575,0.575,0.5757,0.576,0.5767,0.577,0.577,0.577,0.577,0.577,0.5767,0.576,0.576,0.001112,0.5757,0.575,0.575,0.575,0.575,0.575,0.575,0.575,0.575,0.575,0.575,0.575,0.575,0.575,0.575,0.575,0.575,0.5757,0.576,0.576,0.5767,0.577,0.578,0.5776,0.578,0.578,0.578,0.5786,0.002068,0.579,0.579,0.579,0.579,0.579,0.579,0.579,0.5786,0.578,0.578,0.578,0.578,0.578,0.578,0.5786,0.0009103,0.0009108,0.579,0.5796,0.0004554,0.58,0.58,0.58,0.58,0.58,0.5796,0.579,0.002758,0.5786
0.579,0.578,0.577,0.5767,0.576,0.576,0.002758,0.5767,0.577,0.577,0.577,0.577,0.577,0.577,0.577,0.577,0.577,0.577,0.577,0.577,0.5767,0.576,0.5767,0.575,0.001034,0.575,0.575,0.00159,0.575,0.575,0.575,0.5757,0.576,0.5767,0.577,0.577,0.577,0.577,0.577,0.5767,0.576,0.001112,0.576,0.5757,0.575,0.575,0.575,0.575,0.575,0.575,0.575,0.575,0.575,0.575,0.575,0.575,0.575,0.575,0.575,0.575,0.5757,0.576,0.576,0.5767,0.577,0.5767,0.5776,0.578,0.578,0.578,0.00159,0.5786,0.579,0.579,0.579,0.579,0.579,0.579,0.579,0.5786,0.578,0.578,0.578,0.578,0.578,0.578,0.0009108,0.0004554,0.5786,0.579,0.0004554,0.5796,0.58,0.58,0.58,0.58,0.58,0.5796,0.002758,0.579
0.5796,0.5786,0.578,0.577,0.5767,0.576,0.002758,0.577,0.5767,0.577,0.577,0.577,0.577,0.577,0.577,0.577,0.577,0.577,0.577,0.577,0.577,0.5767,0.5767,0.576,0.001896,0.5757,0.575,0.00159,0.575,0.575,0.575,0.575,0.5757,0.576,0.5767,0.577,0.577,0.577,0.577,0.577,0.5767,0.000784,0.576,0.576,0.5757,0.575,0.575,0.575,0.575,0.575,0.575,0.575,0.575,0.575,0.575,0.575,0.575,0.575,0.575,0.575,0.575,0.5757,0.576,0.576,0.5767,0.5767,0.577,0.577,0.5776,0.578,0.00159,0.578,0.5786,0.579,0.579,0.579,0.579,0.579,0.579,0.579,0.5786,0.578,0.578,0.578,0.578,0.578,0.0008473,0.0006514,0.578,0.5786,0.0006514,0.579,0.5796,0.58,0.58,0.58,0.58,0.58,0.001896,0.5796
0.58,0.579,0.5786,0.578,0.577,0.5767,0.001087,0.577,0.577,0.577,0.577,0.577,0.577,0.577,0.577,0.577,0.577,0.577,0.577,0.577,0.577,0.577,0.577,0.5767,0.001295,0.576,0.5757,0.002035,0.575,0.575,0.575,0.575,0.575,0.5757,0.576,0.5767,0.577,0.577,0.577,0.577,0.577,0.0007176,0.5767,0.576,0.576,0.5757,0.575,0.575,0.575,0.575,0.575,0.575,0.575,0.575,0.575,0.575,0.575,0.576,0.575,0.575,0.575,0.575,0.5757,0.576,0.576,0.576,0.5767,0.577,0.576,0.5776,0.001743,0.578,0.578,0.5786,0.579,0.579,0.579,0.579,0.579,0.579,0.579,0.5786,0.578,0.578,0.578,0.578,0.001295,0.001343,0.578,0.578,0.0007176,0.5786,0.579,0.5796,0.58,0.58,0.58,0.58,0.001343,0.58
