0.442,0.8374,0.717,0.3733,0.2489,0.2407,0.5156,0.3813,0.592,0.1807,0.12445,0.901,0.3198,0.3777,0.2253,0.2253,0.3145,0.4795,0.599,0.7524,0.519,0.442,0.1475,0.901,0.77,0.6836,0.2377,0.3198,0.856,0.5703,0.2368,0.10583,0.10614,0.7285,0.344,0.482,0.505,0.878,0.3735,0.4028,0.2573,0.578,0.423,0.5015,0.231,0.8276,0.566,0.878,0.134,0.2903,0.3894,0.2151,0.344,0.4087,0.819,0.134,0.10614,0.5576,0.2734,0.3677,0.7163,0.8154,0.3452,0.3735,0.7544,0.4087,0.4417,0.3813,0.3516,0.1807,0.5576,0.4795,0.629,0.2407,0.2156,0.77,0.7544,0.7285,0.4211,0.8276,0.3452,0.7163,0.3523,0.505,0.1501,0.8345,0.3523,0.629,0.592,0.2253,0.3733,0.3145,0.2253,0.2368,0.9634,0.8877,0.5703,0.6836,0.2156,0.8877
0.1904,0.4888,0.355,0.4277,0.3296,0.2388,0.508,0.4448,0.4756,0.2449,0.3435,0.6714,0.2876,0.3584,0.2494,0.4136,0.3616,0.604,0.4568,0.7344,0.665,0.6714,0.355,0.8276,0.6357,0.7,0.3303,0.4111,0.6567,0.2612,0.2388,0.227,0.10614,0.5376,0.1906,0.5376,0.5376,0.878,0.3755,0.309,0.3994,0.6475,0.594,0.4473,0.3438,0.8276,0.6816,0.601,0.134,0.2224,0.604,0.2449,0.664,0.4421,0.3945,0.0953,0.1436,0.3835,0.638,0.3835,0.4243,0.7344,0.338,0.287,0.638,0.2952,0.6543,0.5425,0.4756,0.2612,0.511,0.6836,0.6016,0.4473,0.3418,0.4421,0.7544,0.7207,0.511,0.665,0.6567,0.508,0.5366,0.4243,0.4653,0.6543,0.227,0.4136,0.505,0.1497,0.217,0.3296,0.2876,0.1085,0.9634,0.4653,0.4888,0.594,0.3584,0.664
0.4429,0.4712,0.539,0.4724,0.3296,0.3633,0.4019,0.5635,0.42,0.3477,0.407,0.578,0.2822,0.2866,0.234,0.5186,0.5103,0.433,0.3267,0.621,0.665,0.445,0.4924,0.746,0.4724,0.291,0.476,0.3489,0.565,0.4783,0.3625,0.2605,0.387,0.5376,0.309,0.2302,0.54,0.5786,0.3523,0.5103,0.5,0.3594,0.67,0.5303,0.2009,0.504,0.614,0.4148,0.3364,0.3794,0.7837,0.4521,0.6465,0.3633,0.3523,0.2583,0.2009,0.591,0.4712,0.4082,0.5264,0.6055,0.3718,0.2874,0.5186,0.3625,0.4678,0.6167,0.545,0.1797,0.239,0.5825,0.5117,0.387,0.3718,0.5264,0.5737,0.615,0.6167,0.476,0.578,0.42,0.4429,0.4253,0.2126,0.4978,0.2874,0.486,0.539,0.407,0.416,0.3958,0.3958,0.2605,0.591,0.4978,0.6055,0.5103,0.486,0.54
0.472,0.3418,0.5586,0.372,0.3945,0.418,0.5303,0.4272,0.5034,0.3127,0.3853,0.4175,0.3872,0.4346,0.502,0.458,0.4185,0.4546,0.389,0.2491,0.5166,0.4895,0.391,0.4673,0.2433,0.5625,0.487,0.2986,0.519,0.5044,0.418,0.3428,0.435,0.2448,0.4097,0.4414,0.4136,0.551,0.4673,0.4116,0.492,0.4587,0.5234,0.539,0.3086,0.4312,0.508,0.4756,0.4395,0.4258,0.4778,0.3096,0.57,0.4058,0.4307,0.1791,0.3794,0.521,0.4414,0.539,0.4492,0.5625,0.4167,0.4167,0.3975,0.3792,0.4258,0.487,0.4978,0.3096,0.504,0.4756,0.4634,0.3794,0.4668,0.4346,0.4856,0.5166,0.506,0.472,0.5044,0.464,0.3757,0.3667,0.2087,0.4136,0.3945,0.492,0.472,0.524,0.4287,0.4312,0.4214,0.5234,0.506,0.504,0.472,0.4587,0.5034,0.4778
0.4749,0.4553,0.4736,0.4824,0.3909,0.1826,0.4824,0.3452,0.5127,0.4033,0.3901,0.4377,0.443,0.454,0.4492,0.4229,0.4033,0.3987,0.4487,0.318,0.4167,0.476,0.4622,0.4856,0.3452,0.4834,0.4539,0.4038,0.4106,0.3406,0.3423,0.415,0.3984,0.3862,0.4568,0.4502,0.455,0.4722,0.479,0.2688,0.5127,0.4229,0.492,0.4292,0.396,0.454,0.4673,0.4321,0.505,0.3254,0.437,0.2688,0.4814,0.4248,0.432,0.318,0.4736,0.4814,0.4165,0.4854,0.4314,0.5127,0.398,0.424,0.396,0.4321,0.4744,0.4722,0.4673,0.3833,0.439,0.4038,0.2216,0.467,0.47,0.458,0.4614,0.501,0.446,0.3423,0.439,0.47,0.4194,0.458,0.4106,0.4436,0.3984,0.455,0.4854,0.2372,0.4436,0.476,0.4165,0.4553,0.4824,0.479,0.2336,0.4673,0.4539,0.4487
0.4663,0.3972,0.2263,0.4426,0.3694,0.3171,0.476,0.412,0.454,0.397,0.4395,0.4692,0.4492,0.4385,0.4678,0.4302,0.2162,0.2119,0.4138,0.3574,0.4165,0.2186,0.4473,0.4692,0.3643,0.418,0.3857,0.4062,0.414,0.3171,0.316,0.439,0.46,0.398,0.4395,0.2323,0.4539,0.4297,0.4434,0.432,0.4644,0.4214,0.462,0.392,0.4219,0.444,0.4592,0.4678,0.432,0.4297,0.4456,0.3862,0.4414,0.4214,0.4448,0.4043,0.4568,0.4692,0.4312,0.4644,0.4634,0.448,0.3933,0.4463,0.4175,0.4492,0.4597,0.3936,0.4497,0.4575,0.4438,0.44,0.282,0.4302,0.3406,0.4497,0.4475,0.4463,0.414,0.3733,0.4492,0.4644,0.4426,0.3735,0.412,0.3857,0.3936,0.4272,0.46,0.1703,0.398,0.2136,0.437,0.2284,0.4592,0.4475,0.3735,0.3972,0.4663,0.3643
0.4153,0.428,0.3904,0.4512,0.413,0.3848,0.4048,0.418,0.452,0.4404,0.46,0.4067,0.446,0.44,0.4204,0.439,0.3635,0.417,0.418,0.4268,0.426,0.3074,0.4153,0.4453,0.4233,0.3936,0.4058,0.4019,0.417,0.394,0.4238,0.4155,0.428,0.4448,0.3984,0.3079,0.3962,0.3804,0.42,0.4492,0.4143,0.2118,0.3848,0.3945,0.4377,0.2175,0.4448,0.4363,0.3696,0.2184,0.3962,0.2866,0.446,0.4321,0.4424,0.3481,0.4082,0.46,0.3984,0.4297,0.2197,0.417,0.415,0.4233,0.3965,0.4272,0.42,0.417,0.4338,0.4233,0.44,0.4412,0.3481,0.2133,0.3838,0.4204,0.418,0.21,0.314,0.3936,0.4363,0.4094,0.4133,0.4048,0.4082,0.3374,0.3093,0.4067,0.2134,0.2866,0.3892,0.3374,0.4067,0.3093,0.4338,0.417,0.4094,0.3635,0.426,0.417
0.368,0.4104,0.4253,0.3306,0.429,0.3015,0.4158,0.3394,0.4307,0.417,0.4531,0.2056,0.405,0.3953,0.4026,0.4187,0.393,0.425,0.4084,0.4329,0.4329,0.3945,0.4084,0.3599,0.3706,0.3662,0.3972,0.3555,0.405,0.4023,0.4219,0.3796,0.421,0.4326,0.2052,0.3394,0.3828,0.4055,0.358,0.419,0.3826,0.3784,0.416,0.4058,0.421,0.3276,0.3672,0.3833,0.3306,0.3574,0.4045,0.358,0.378,0.3135,0.4207,0.381,0.3433,0.3599,0.365,0.3657,0.3247,0.401,0.416,0.4026,0.308,0.2686,0.378,0.3157,0.3838,0.4023,0.3274,0.4233,0.3442,0.3489,0.4023,0.4253,0.3125,0.2825,0.3442,0.3662,0.401,0.3135,0.3574,0.3772,0.3796,0.3809,0.3838,0.2023,0.3442,0.1886,0.3972,0.3433,0.3672,0.3306,0.405,0.3953,0.2825,0.3442,0.4219,0.368
0.3364,0.1943,0.4238,0.3223,0.3857,0.3223,0.3884,0.394,0.3574,0.3833,0.2126,0.3413,0.4038,0.3545,0.4,0.3584,0.3884,0.3818,0.401,0.2119,0.396,0.3474,0.3022,0.3135,0.3828,0.3467,0.3577,0.3628,0.3672,0.3389,0.3965,0.3818,0.4097,0.391,0.33,0.3586,0.3704,0.3022,0.334,0.4126,0.3682,0.3862,0.4001,0.4038,0.302,0.3315,0.3909,0.3862,0.3682,0.3608,0.4038,0.397,0.33,0.3582,0.3643,0.1841,0.3828,0.3784,0.3884,0.3628,0.3135,0.3916,0.4126,0.3862,0.403,0.3604,0.3706,0.3315,0.3938,0.4062,0.3809,0.3784,0.2935,0.3584,0.3716,0.4014,0.334,0.3657,0.1814,0.3364,0.3604,0.3574,0.1919,0.3657,0.396,0.1691,0.343,0.3389,0.3623,0.1919,0.3904,0.3906,0.33,0.3577,0.3857,0.3413,0.343,0.1892,0.2031,0.1858
0.37,0.2368,0.378,0.3823,0.1965,0.267,0.3804,0.2815,0.3691,0.363,0.3638,0.341,0.387,0.1804,0.351,0.334,0.2788,0.3804,0.3699,0.3516,0.173,0.3857,0.3574,0.3384,0.3845,0.1766,0.3628,0.3643,0.359,0.3364,0.3794,0.356,0.28,0.3828,0.3633,0.3752,0.315,0.3545,0.3174,0.3875,0.351,0.3777,0.3767,0.3687,0.1702,0.28,0.2896,0.3816,0.276,0.3208,0.2896,0.3816,0.3652,0.365,0.316,0.2842,0.3638,0.1808,0.3872,0.3662,0.2896,0.2783,0.3823,0.3174,0.3857,0.3452,0.357,0.1775,0.3767,0.254,0.3804,0.3252,0.2632,0.1404,0.3545,0.392,0.311,0.3252,0.2783,0.3452,0.3406,0.2368,0.147,0.3289,0.2202,0.311,0.3496,0.316,0.3875,0.3208,0.3804,0.3638,0.1705,0.3545,0.357,0.254,0.3384,0.2505,0.2505,0.2632
0.2969,0.3062,0.3647,0.2795,0.292,0.244,0.3687,0.2993,0.3237,0.3496,0.3613,0.3618,0.3691,0.2844,0.373,0.3516,0.3281,0.1771,0.3525,0.3545,0.2266,0.3308,0.3496,0.3513,0.374,0.2861,0.2524,0.3516,0.3376,0.352,0.3447,0.2686,0.293,0.3457,0.2673,0.334,0.289,0.366,0.319,0.329,0.3655,0.3086,0.351,0.3337,0.244,0.2905,0.3083,0.334,0.328,0.3308,0.329,0.3083,0.255,0.3345,0.3376,0.3022,0.2998,0.2913,0.2686,0.282,0.2979,0.2305,0.2646,0.3022,0.3384,0.2883,0.352,0.329,0.373,0.2993,0.349,0.3345,0.3284,0.2524,0.2876,0.329,0.2305,0.255,0.3447,0.255,0.3525,0.2993,0.282,0.2305,0.295,0.283,0.3062,0.3079,0.2382,0.1422,0.2808,0.1531,0.2673,0.3457,0.3284,0.2876,0.2305,0.2808,0.2998,0.289
0.3242,0.2747,0.3228,0.274,0.3223,0.3174,0.323,0.292,0.2793,0.3296,0.3633,0.3237,0.2388,0.3057,0.3127,0.3188,0.3267,0.314,0.3523,0.2998,0.2544,0.3342,0.3435,0.335,0.2808,0.3098,0.3164,0.3223,0.3127,0.3296,0.2443,0.2998,0.303,0.3218,0.2866,0.3325,0.309,0.3213,0.3105,0.3218,0.338,0.3352,0.35,0.2922,0.315,0.2603,0.2952,0.292,0.3042,0.3071,0.3015,0.3188,0.3015,0.3047,0.2443,0.275,0.303,0.3347,0.1462,0.3057,0.1838,0.277,0.2808,0.317,0.2893,0.3135,0.314,0.311,0.3306,0.2625,0.3347,0.2866,0.305,0.3352,0.305,0.3052,0.2793,0.2778,0.2969,0.3071,0.3057,0.3223,0.2893,0.254,0.2993,0.303,0.3135,0.3115,0.275,0.1838,0.3052,0.311,0.292,0.317,0.2922,0.2778,0.2603,0.3098,0.315,0.3188
0.3381,0.2993,0.2974,0.1476,0.316,0.3062,0.3145,0.3154,0.3167,0.3184,0.3381,0.3174,0.284,0.314,0.3074,0.315,0.3088,0.157,0.3164,0.2961,0.283,0.3025,0.311,0.291,0.2625,0.3064,0.3042,0.3027,0.2231,0.2954,0.2773,0.3193,0.2957,0.3184,0.3062,0.2515,0.296,0.2908,0.291,0.1569,0.3086,0.3276,0.2131,0.296,0.1497,0.2524,0.3179,0.1262,0.3123,0.3052,0.291,0.3066,0.2695,0.2976,0.2852,0.291,0.3154,0.3223,0.2698,0.2988,0.2515,0.31,0.312,0.3218,0.2842,0.3098,0.292,0.312,0.3025,0.294,0.3198,0.2917,0.2961,0.3022,0.3086,0.316,0.3145,0.2118,0.1492,0.271,0.314,0.155,0.3018,0.2659,0.295,0.2842,0.3018,0.1477,0.2118,0.2695,0.2852,0.3062,0.2231,0.2957,0.3025,0.291,0.3088,0.1583,0.1537,0.3198
0.2634,0.304,0.3103,0.2233,0.314,0.1555,0.2603,0.2998,0.3105,0.3032,0.2495,0.3118,0.3018,0.2224,0.3066,0.31,0.3027,0.275,0.2952,0.2861,0.2986,0.2964,0.2493,0.3066,0.2844,0.2952,0.267,0.2886,0.259,0.3071,0.2734,0.3105,0.2686,0.3062,0.293,0.12476,0.2773,0.304,0.2275,0.2334,0.2034,0.2368,0.2233,0.2964,0.2438,0.2983,0.2817,0.222,0.305,0.3027,0.288,0.2844,0.2827,0.2634,0.1338,0.2751,0.3176,0.293,0.2124,0.2822,0.285,0.2612,0.2983,0.3157,0.2998,0.307,0.261,0.2866,0.2905,0.2964,0.2034,0.3018,0.2979,0.3066,0.304,0.307,0.2686,0.2493,0.2603,0.2676,0.2976,0.2654,0.3071,0.1453,0.292,0.3062,0.3032,0.1854,0.2646,0.2676,0.285,0.292,0.1907,0.2852,0.2964,0.2998,0.3027,0.2368,0.1907,0.275
0.1371,0.2974,0.2856,0.2454,0.3103,0.294,0.2483,0.2927,0.2876,0.2976,0.2908,0.3057,0.2803,0.2524,0.2861,0.3032,0.3013,0.1151,0.2435,0.2559,0.2773,0.2942,0.266,0.3066,0.1467,0.2408,0.2473,0.2433,0.2417,0.2861,0.232,0.1464,0.2866,0.2993,0.2947,0.1077,0.2861,0.293,0.2798,0.1204,0.2656,0.2479,0.276,0.2751,0.2683,0.282,0.2751,0.2607,0.2988,0.2842,0.2964,0.2651,0.0994,0.254,0.2202,0.1277,0.293,0.2764,0.2114,0.12396,0.2803,0.1465,0.2642,0.2922,0.275,0.2893,0.276,0.2118,0.2817,0.2607,0.2114,0.2092,0.3003,0.294,0.2837,0.2964,0.2817,0.2092,0.144,0.2435,0.2634,0.2844,0.2118,0.2417,0.2974,0.254,0.2852,0.282,0.2656,0.2598,0.2837,0.3003,0.2202,0.2651,0.2852,0.293,0.2893,0.275,0.266,0.2764
0.2327,0.2852,0.2495,0.129,0.2593,0.2905,0.2573,0.2761,0.1323,0.2319,0.29,0.2847,0.2825,0.268,0.2734,0.2705,0.2876,0.1633,0.262,0.2422,0.2046,0.289,0.209,0.2593,0.2368,0.269,0.2495,0.2327,0.2812,0.2812,0.258,0.178,0.154,0.2913,0.2913,0.1699,0.2898,0.2993,0.27,0.2646,0.2708,0.2593,0.1023,0.0936,0.274,0.2783,0.2241,0.2693,0.2384,0.258,0.2317,0.2676,0.2173,0.2266,0.2522,0.2476,0.2961,0.2435,0.2476,0.154,0.2732,0.1891,0.2266,0.2109,0.1207,0.2573,0.2437,0.2477,0.2344,0.2563,0.2632,0.1164,0.2715,0.11597,0.2898,0.2173,0.2646,0.2391,0.209,0.2241,0.262,0.2297,0.2344,0.248,0.2368,0.2754,0.2632,0.2864,0.2578,0.2705,0.2876,0.2502,0.2578,0.26,0.2476,0.2754,0.27,0.2812,0.2476,0.26
0.187,0.2761,0.1135,0.2468,0.271,0.2612,0.2471,0.245,0.2307,0.2683,0.28,0.1892,0.2301,0.249,0.2544,0.272,0.2324,0.2318,0.2607,0.2568,0.2456,0.263,0.2245,0.2273,0.2544,0.2632,0.2815,0.2278,0.2559,0.271,0.2366,0.2039,0.2036,0.1775,0.206,0.2185,0.1407,0.2817,0.2487,0.2761,0.2632,0.1615,0.2085,0.2036,0.2502,0.2468,0.12054,0.255,0.2625,0.1704,0.25,0.2408,0.2148,0.2474,0.2246,0.1251,0.2307,0.2573,0.2615,0.2059,0.2487,0.2189,0.2247,0.2407,0.2247,0.2517,0.247,0.1274,0.2246,0.2505,0.2505,0.2458,0.2273,0.2174,0.2515,0.2456,0.2245,0.2515,0.2301,0.12036,0.2598,0.2185,0.249,0.2559,0.2324,0.2622,0.245,0.2441,0.1615,0.253,0.2318,0.2471,0.251,0.2408,0.1276,0.2407,0.2568,0.2632,0.2174,0.125
0.2411,0.1904,0.2194,0.2445,0.1818,0.251,0.2145,0.2537,0.182,0.2534,0.1709,0.2253,0.2288,0.2484,0.2195,0.243,0.2415,0.1726,0.2487,0.2194,0.2534,0.2583,0.2395,0.248,0.1927,0.2644,0.2686,0.2367,0.2476,0.2339,0.2585,0.2368,0.2366,0.2062,0.2246,0.1719,0.1936,0.223,0.2433,0.2585,0.2246,0.247,0.2322,0.1621,0.2427,0.248,0.213,0.2075,0.2368,0.19,0.2472,0.2128,0.2183,0.2421,0.2075,0.2009,0.2317,0.2455,0.2253,0.2329,0.2445,0.11035,0.2183,0.1145,0.2234,0.2363,0.2563,0.2075,0.233,0.1183,0.2534,0.2439,0.2042,0.2341,0.2195,0.1517,0.2386,0.1709,0.2253,0.1517,0.1168,0.213,0.243,0.2128,0.2087,0.251,0.2087,0.091,0.1927,0.2427,0.1831,0.1242,0.223,0.2375,0.2042,0.2476,0.2472,0.2368,0.233,0.1818
0.231,0.1471,0.2162,0.2407,0.2285,0.2056,0.2163,0.2355,0.204,0.2485,0.2316,0.239,0.2275,0.2429,0.229,0.12305,0.1135,0.1901,0.2307,0.196,0.1722,0.227,0.2388,0.1373,0.2292,0.2534,0.2485,0.11536,0.2407,0.2485,0.2114,0.239,0.2295,0.1652,0.1989,0.2076,0.09656,0.231,0.1965,0.176,0.1874,0.1807,0.2203,0.2065,0.1825,0.2324,0.1763,0.1631,0.2339,0.1831,0.239,0.2375,0.11597,0.2114,0.1797,0.2079,0.2007,0.2427,0.2239,0.1904,0.2292,0.1484,0.2163,0.1453,0.2161,0.1604,0.2362,0.2164,0.227,0.1631,0.1155,0.1194,0.1605,0.1648,0.2186,0.2146,0.2275,0.1874,0.2076,0.0742,0.2009,0.2065,0.1604,0.2324,0.1904,0.1158,0.1737,0.2107,0.2007,0.1763,0.2146,0.1373,0.227,0.1737,0.2355,0.1965,0.1181,0.2407,0.11694,0.196
0.177,0.2242,0.1444,0.2008,0.1068,0.1831,0.1824,0.2242,0.1843,0.1978,0.199,0.2319,0.1718,0.11755,0.2131,0.1444,0.1595,0.1902,0.1849,0.2065,0.1875,0.2045,0.2095,0.1174,0.2308,0.1121,0.2246,0.1941,0.1969,0.2112,0.2003,0.1995,0.2158,0.2104,0.2056,0.2158,0.1703,0.2076,0.1489,0.09924,0.1998,0.1884,0.1863,0.2236,0.1975,0.1863,0.0587,0.1779,0.1426,0.1875,0.1877,0.2048,0.1753,0.204,0.0951,0.1753,0.1953,0.1792,0.1658,0.207,0.2102,0.1971,0.2119,0.1895,0.1715,0.1487,0.2319,0.1895,0.2168,0.2161,0.1864,0.1487,0.1804,0.2095,0.2031,0.1975,0.2161,0.1941,0.1576,0.1455,0.2003,0.1779,0.1849,0.1715,0.1813,0.1658,0.10876,0.2131,0.2056,0.2008,0.1969,0.1995,0.1877,0.1978,0.1792,0.2048,0.1576,0.2104,0.1863,0.0995
0.1761,0.2021,0.1775,0.1934,0.1699,0.1389,0.1885,0.1997,0.1921,0.1661,0.1943,0.1934,0.1814,0.1648,0.1997,0.1504,0.1722,0.1943,0.1511,0.166,0.1934,0.2078,0.2046,0.1919,0.2234,0.178,0.2107,0.1881,0.2023,0.1378,0.1943,0.1864,0.2107,0.0974,0.2046,0.2197,0.1824,0.1918,0.1843,0.1604,0.1943,0.1985,0.1843,0.188,0.174,0.1924,0.1151,0.1738,0.166,0.1901,0.1951,0.1814,0.164,0.146,0.1389,0.1616,0.1704,0.1864,0.1561,0.1818,0.1934,0.1812,0.1852,0.1367,0.1731,0.1718,0.166,0.1959,0.2085,0.206,0.1378,0.164,0.1824,0.1812,0.2122,0.1488,0.1891,0.1864,0.2021,0.1924,0.09595,0.1926,0.1605,0.1699,0.1943,0.1997,0.1661,0.1985,0.188,0.1943,0.1643,0.1643,0.1367,0.1738,0.1775,0.1891,0.083,0.1951,0.1731,0.146
0.1565,0.1676,0.1827,0.1838,0.1715,0.1626,0.1904,0.1958,0.1536,0.0878,0.1726,0.1783,0.1821,0.1775,0.10205,0.1943,0.1772,0.1897,0.1696,0.1544,0.1832,0.1648,0.1503,0.1831,0.1882,0.1377,0.2012,0.0973,0.1921,0.1526,0.1947,0.178,0.1624,0.1759,0.1719,0.1926,0.1838,0.1847,0.178,0.1486,0.1887,0.1958,0.1699,0.1741,0.1777,0.1709,0.1636,0.1903,0.1783,0.1929,0.1544,0.1637,0.1687,0.1882,0.1636,0.1637,0.1873,0.1919,0.1816,0.1638,0.1947,0.185,0.1707,0.1544,0.1863,0.1603,0.1555,0.0919,0.1879,0.1699,0.1742,0.1621,0.1759,0.1895,0.1968,0.1621,0.1831,0.1897,0.1943,0.1968,0.1544,0.1833,0.1719,0.1775,0.1895,0.1919,0.0824,0.0941,0.1891,0.0916,0.1926,0.1709,0.1526,0.1816,0.1624,0.1829,0.1555,0.1863,0.1829,0.1707
0.1648,0.173,0.1836,0.1699,0.1675,0.1528,0.177,0.1741,0.1738,0.1259,0.1842,0.1785,0.137,0.192,0.0626,0.1831,0.1726,0.1858,0.1763,0.1302,0.1831,0.166,0.11633,0.08875,0.1744,0.168,0.1702,0.1638,0.1609,0.1687,0.182,0.1753,0.0823,0.158,0.1216,0.1888,0.1848,0.1594,0.1572,0.1605,0.09515,0.185,0.125,0.1741,0.1746,0.1656,0.1501,0.1646,0.125,0.1616,0.1768,0.1648,0.1265,0.157,0.1742,0.159,0.1708,0.1912,0.168,0.148,0.1555,0.161,0.1702,0.1758,0.09033,0.1653,0.1525,0.1567,0.157,0.0885,0.11926,0.11926,0.1733,0.1852,0.192,0.09106,0.1531,0.134,0.1919,0.1382,0.158,0.0873,0.1831,0.1736,0.0926,0.1707,0.1653,0.1609,0.1831,0.1528,0.1888,0.1708,0.0785,0.1758,0.1687,0.1768,0.1646,0.1733,0.1594,0.1738
0.1458,0.1519,0.1499,0.1746,0.1729,0.1345,0.1844,0.1367,0.1647,0.151,0.1685,0.11523,0.1423,0.1746,0.11273,0.1527,0.1603,0.1786,0.1451,0.163,0.1572,0.1666,0.1382,0.1311,0.1195,0.0797,0.1527,0.1282,0.1548,0.1648,0.1532,0.1677,0.1026,0.1733,0.1548,0.19,0.1696,0.1482,0.1536,0.1646,0.1287,0.08984,0.1497,0.1472,0.1619,0.1748,0.1313,0.1669,0.1494,0.1671,0.1538,0.1659,0.11224,0.1696,0.08673,0.1648,0.179,0.1603,0.1677,0.1721,0.11224,0.1448,0.1616,0.1603,0.12415,0.1304,0.1665,0.12476,0.1677,0.1447,0.08594,0.1026,0.1382,0.1494,0.179,0.1633,0.08093,0.1458,0.1748,0.1318,0.1499,0.1646,0.1783,0.1611,0.146,0.1572,0.1318,0.08325,0.175,0.1494,0.1633,0.1721,0.11456,0.1707,0.1611,0.1786,0.146,0.1707,0.1538,0.11456
0.1545,0.1532,0.1538,0.1283,0.1498,0.1309,0.1775,0.1587,0.1655,0.1583,0.161,0.11993,0.1508,0.1677,0.1294,0.1588,0.07904,0.1511,0.1685,0.1562,0.1649,0.1638,0.0754,0.1622,0.1423,0.07904,0.1456,0.1433,0.1304,0.1608,0.1592,0.1642,0.1326,0.1627,0.1497,0.1545,0.1265,0.1562,0.1627,0.1631,0.1532,0.0914,0.155,0.161,0.1584,0.1188,0.1605,0.11707,0.1387,0.0819,0.1216,0.1188,0.1309,0.1511,0.1565,0.1508,0.1565,0.1564,0.1649,0.11993,0.0652,0.1532,0.0714,0.1309,0.1508,0.1368,0.1359,0.1511,0.1626,0.1487,0.1376,0.1018,0.1456,0.1487,0.1545,0.1572,0.0914,0.1533,0.1323,0.133,0.1455,0.1421,0.1605,0.1592,0.1497,0.1631,0.1387,0.0647,0.1622,0.1584,0.1564,0.1626,0.1359,0.1326,0.146,0.1685,0.1538,0.1583,0.1421,0.06415
0.1481,0.09644,0.1542,0.1475,0.1636,0.073,0.153,0.1407,0.1427,0.1455,0.1515,0.1299,0.1545,0.1611,0.1292,0.1614,0.1426,0.1558,0.1624,0.1537,0.1611,0.1562,0.1277,0.1438,0.1364,0.12,0.1438,0.1309,0.1494,0.1619,0.1565,0.1428,0.0722,0.1427,0.1306,0.1377,0.1377,0.1244,0.156,0.1498,0.1225,0.09656,0.0989,0.1511,0.1566,0.1433,0.1499,0.1329,0.1481,0.1478,0.1492,0.09174,0.1353,0.1372,0.1577,0.159,0.1528,0.1368,0.1492,0.04944,0.1095,0.1514,0.1114,0.147,0.11194,0.1453,0.1444,0.147,0.12415,0.1455,0.1484,0.1225,0.1508,0.1288,0.1423,0.1566,0.1425,0.1478,0.1206,0.1426,0.137,0.1425,0.1525,0.1498,0.1511,0.1427,0.1427,0.1212,0.1277,0.11694,0.1455,0.1418,0.137,0.1427,0.1353,0.1433,0.11694,0.1515,0.1309,0.1292
0.1394,0.11664,0.1487,0.139,0.1421,0.1107,0.136,0.1316,0.1338,0.1394,0.1387,0.1209,0.1494,0.1406,0.1236,0.1387,0.135,0.147,0.1416,0.1483,0.1257,0.1504,0.1338,0.1423,0.143,0.1316,0.0988,0.126,0.1497,0.1416,0.1426,0.1464,0.1074,0.0713,0.1257,0.1458,0.1466,0.136,0.1517,0.1458,0.0859,0.134,0.04294,0.1499,0.1525,0.1095,0.1394,0.1436,0.1458,0.1327,0.1458,0.11426,0.1504,0.1257,0.147,0.1504,0.11206,0.1478,0.09534,0.0494,0.1343,0.07495,0.09534,0.1456,0.063,0.1484,0.1466,0.1404,0.1344,0.0715,0.1387,0.0681,0.1497,0.1387,0.1394,0.1478,0.1426,0.1458,0.1316,0.1456,0.1406,0.12317,0.134,0.147,0.11664,0.1343,0.12317,0.1236,0.1245,0.06635,0.1407,0.11206,0.1324,0.1416,0.1407,0.147,0.1426,0.06226,0.1344,0.1456
0.1436,0.1357,0.1102,0.1355,0.1353,0.10956,0.1375,0.1436,0.1225,0.1426,0.1316,0.1355,0.1495,0.12476,0.1112,0.1364,0.1333,0.1213,0.1189,0.1436,0.1377,0.1436,0.0999,0.1383,0.1071,0.1409,0.1366,0.1333,0.1423,0.144,0.0731,0.0999,0.12244,0.115,0.1304,0.1455,0.10364,0.109,0.1304,0.1364,0.1225,0.1348,0.1158,0.1395,0.10095,0.1008,0.0686,0.1436,0.1008,0.1326,0.1111,0.12317,0.1366,0.1367,0.12244,0.1459,0.1234,0.1354,0.114,0.0764,0.1239,0.1111,0.09985,0.1334,0.0931,0.1395,0.0731,0.1431,0.1388,0.10205,0.11206,0.12476,0.142,0.1355,0.1404,0.1239,0.1357,0.1459,0.0631,0.135,0.1168,0.1287,0.1355,0.1318,0.10913,0.0999,0.114,0.1329,0.1353,0.09985,0.1377,0.0551,0.1168,0.109,0.1158,0.1,0.1294,0.1,0.1294,0.1375
0.1377,0.1381,0.05853,0.1043,0.1343,0.1306,0.1189,0.1267,0.1178,0.1195,0.1305,0.1309,0.138,0.11597,0.11755,0.1265,0.09155,0.1284,0.126,0.1296,0.1398,0.1401,0.0999,0.1337,0.11536,0.1283,0.1201,0.1348,0.1416,0.1185,0.1292,0.1189,0.1277,0.1156,0.1252,0.1398,0.0861,0.1306,0.133,0.1276,0.1289,0.11884,0.1326,0.0654,0.1209,0.1158,0.1233,0.1288,0.11694,0.1387,0.1234,0.1289,0.12036,0.1377,0.1067,0.1309,0.1292,0.1261,0.11316,0.11755,0.12024,0.1263,0.11597,0.1326,0.1067,0.1148,0.1311,0.1133,0.1116,0.1188,0.11804,0.1202,0.1311,0.09045,0.11694,0.12024,0.1227,0.1335,0.09045,0.1326,0.0648,0.1133,0.1267,0.11755,0.09155,0.1261,0.1158,0.1195,0.09436,0.08887,0.1276,0.09436,0.1219,0.08887,0.11884,0.0574,0.1337,0.1288,0.11316,0.1227
0.11383,0.1224,0.1211,0.1196,0.1284,0.1217,0.1294,0.11993,0.0584,0.1262,0.1306,0.1316,0.1316,0.0785,0.1274,0.1069,0.0951,0.1287,0.1338,0.1306,0.11914,0.1338,0.1072,0.11444,0.1232,0.12463,0.117,0.1118,0.10754,0.1255,0.1247,0.11804,0.1211,0.1096,0.12396,0.12305,0.1102,0.1227,0.1231,0.1259,0.1097,0.1185,0.08545,0.04984,0.1205,0.1252,0.12067,0.1102,0.1278,0.1182,0.1305,0.0628,0.12006,0.10504,0.08545,0.1309,0.1277,0.1259,0.11993,0.05902,0.12396,0.1205,0.1146,0.1252,0.1206,0.1069,0.05872,0.1182,0.0894,0.1179,0.1179,0.0598,0.1309,0.0951,0.06024,0.12164,0.11847,0.0647,0.1056,0.09766,0.04883,0.12006,0.1274,0.12463,0.1056,0.10077,0.06232,0.10754,0.10077,0.1023,0.1138,0.117,0.0894,0.1217,0.121,0.0785,0.10504,0.1096,0.06235,0.11847
0.0863,0.10645,0.1105,0.0983,0.1265,0.0805,0.125,0.0887,0.10693,0.1073,0.10876,0.0917,0.1273,0.0788,0.11786,0.10443,0.04514,0.1268,0.1157,0.126,0.0867,0.1245,0.1123,0.1123,0.1252,0.1249,0.11414,0.10876,0.1094,0.1228,0.10876,0.119,0.11975,0.104,0.1022,0.0939,0.10565,0.1243,0.0929,0.10443,0.1193,0.09125,0.0763,0.0805,0.0887,0.10535,0.0864,0.1073,0.0895,0.1205,0.1242,0.06665,0.1238,0.09705,0.1237,0.1245,0.0619,0.126,0.11926,0.0861,0.1193,0.12213,0.11786,0.1234,0.1123,0.1209,0.1128,0.1136,0.0523,0.1022,0.1184,0.0929,0.1045,0.1113,0.09125,0.07715,0.11206,0.07715,0.1,0.1073,0.1059,0.1117,0.12213,0.1191,0.1117,0.0653,0.0895,0.1161,0.10876,0.10645,0.05,0.05954,0.0653,0.1161,0.10693,0.1038,0.1038,0.10565,0.0867,0.0917
0.0951,0.09955,0.0817,0.105,0.1053,0.0835,0.12274,0.0883,0.0868,0.11084,0.0964,0.10895,0.0969,0.0893,0.04852,0.10767,0.1062,0.1049,0.098,0.1022,0.10254,0.1033,0.1047,0.10657,0.1124,0.1201,0.0851,0.1091,0.10803,0.1042,0.10376,0.1027,0.1157,0.0912,0.10516,0.12024,0.10474,0.05798,0.0758,0.0995,0.08716,0.09845,0.10205,0.11346,0.09546,0.0553,0.03796,0.109,0.0759,0.05136,0.10675,0.06445,0.0883,0.1152,0.1172,0.12024,0.08203,0.11346,0.1023,0.10095,0.1131,0.10205,0.1035,0.09204,0.11426,0.11646,0.1033,0.1112,0.0964,0.08057,0.10657,0.09656,0.0817,0.109,0.08716,0.1033,0.10974,0.05197,0.10657,0.10376,0.1035,0.05713,0.05542,0.1152,0.1049,0.0846,0.0969,0.04254,0.1062,0.10516,0.06445,0.0379,0.1014,0.04602,0.05447,0.094,0.1053,0.0759,0.094,0.1023
0.09863,0.1024,0.0928,0.0801,0.10034,0.08997,0.1084,0.04742,0.0894,0.10406,0.1092,0.0873,0.088,0.09973,0.0741,0.1117,0.10297,0.08014,0.04932,0.07007,0.10596,0.09045,0.05316,0.1007,0.0934,0.0873,0.093,0.1001,0.1106,0.10315,0.0995,0.0707,0.1016,0.0904,0.09436,0.10583,0.0936,0.0766,0.0889,0.0687,0.0648,0.08765,0.0867,0.079,0.0734,0.09454,0.07794,0.09985,0.10034,0.095,0.11,0.0895,0.0969,0.10925,0.10254,0.08826,0.0935,0.1033,0.095,0.10986,0.05457,0.0756,0.0831,0.10583,0.07513,0.0779,0.09753,0.10596,0.08826,0.0756,0.08795,0.0779,0.0881,0.10254,0.0812,0.07935,0.0983,0.0881,0.10315,0.09875,0.07513,0.0801,0.0894,0.10034,0.0935,0.088,0.08765,0.0812,0.07294,0.0936,0.0867,0.09436,0.0883,0.07294,0.0831,0.0873,0.10034,0.0934,0.1092,0.0895
0.0732,0.07587,0.0902,0.09467,0.0897,0.04718,0.09814,0.0679,0.0863,0.09924,0.07904,0.0858,0.09546,0.0863,0.09,0.0959,0.0952,0.07935,0.0834,0.0766,0.0965,0.08344,0.08594,0.04883,0.0842,0.09827,0.08276,0.09515,0.09534,0.05142,0.0863,0.09094,0.1,0.09094,0.0852,0.0916,0.0884,0.0845,0.0917,0.0528,0.0892,0.0988,0.0801,0.096,0.0902,0.0764,0.0742,0.08765,0.1001,0.0348,0.0974,0.04297,0.09265,0.0786,0.09015,0.08844,0.0956,0.0494,0.09216,0.099,0.0764,0.0863,0.06775,0.09094,0.0863,0.0828,0.09436,0.0908,0.0923,0.07935,0.0785,0.0863,0.09094,0.0908,0.0858,0.0845,0.09375,0.0908,0.0974,0.0923,0.08765,0.08276,0.0786,0.096,0.0834,0.09216,0.0965,0.07904,0.09503,0.0907,0.08765,0.09503,0.0732,0.0842,0.09015,0.0908,0.0828,0.09375,0.0892,0.0916
0.0792,0.0769,0.04257,0.09424,0.0883,0.06866,0.08374,0.0819,0.0867,0.0879,0.0925,0.0851,0.0923,0.0891,0.0885,0.08966,0.09375,0.0832,0.08093,0.0851,0.0717,0.08264,0.08374,0.0801,0.0901,0.08923,0.0875,0.0963,0.087,0.0674,0.0867,0.08923,0.09717,0.0901,0.087,0.0659,0.0879,0.0819,0.09045,0.0798,0.0836,0.08765,0.08923,0.0851,0.0844,0.08844,0.07965,0.0867,0.04755,0.03104,0.0912,0.0784,0.0801,0.08154,0.0769,0.0813,0.0939,0.0813,0.0867,0.08325,0.08093,0.0851,0.0396,0.04077,0.0798,0.0887,0.0917,0.08997,0.0901,0.0917,0.0416,0.0879,0.0814,0.0813,0.08704,0.0814,0.0942,0.08966,0.0876,0.0936,0.0876,0.0891,0.08356,0.08374,0.08057,0.0912,0.091,0.0813,0.0917,0.0887,0.0901,0.0917,0.0836,0.0776,0.08923,0.0891,0.0373,0.0776,0.0883,0.0891
0.08295,0.0809,0.0791,0.0759,0.0863,0.07886,0.08636,0.0836,0.0884,0.0907,0.0854,0.0824,0.0896,0.07904,0.0892,0.0879,0.03992,0.085,0.08466,0.07837,0.0863,0.0863,0.0864,0.0816,0.0636,0.0874,0.08215,0.0752,0.0698,0.0785,0.08435,0.0848,0.0928,0.0908,0.08875,0.08575,0.085,0.0851,0.0836,0.0797,0.08594,0.08716,0.085,0.08307,0.0723,0.0891,0.08435,0.08594,0.0759,0.05872,0.0874,0.0791,0.08594,0.0809,0.0418,0.07904,0.0662,0.08453,0.0863,0.04227,0.0837,0.0408,0.0657,0.0636,0.08075,0.04456,0.0819,0.0661,0.0448,0.0851,0.0662,0.0661,0.08307,0.02951,0.08813,0.0843,0.07837,0.0836,0.0661,0.0846,0.08594,0.0846,0.08514,0.0846,0.0851,0.0907,0.0896,0.0848,0.085,0.08594,0.08167,0.0698,0.08594,0.0846,0.08575,0.08563,0.0752,0.08466,0.0661,0.0723
0.0665,0.06143,0.0791,0.0807,0.0844,0.0752,0.0849,0.0829,0.08435,0.0764,0.0792,0.08594,0.084,0.08264,0.07764,0.0868,0.06033,0.0812,0.0775,0.08453,0.0762,0.06287,0.0792,0.0819,0.0803,0.0821,0.08514,0.0581,0.07996,0.0824,0.03943,0.0718,0.08594,0.08276,0.0856,0.0843,0.0838,0.0858,0.0842,0.0702,0.0874,0.08,0.07416,0.0841,0.07764,0.0842,0.04596,0.0736,0.0824,0.07776,0.04245,0.0825,0.0801,0.0834,0.06287,0.0792,0.0702,0.0836,0.07996,0.05692,0.0801,0.05692,0.0716,0.05362,0.0805,0.064,0.08594,0.07764,0.05362,0.08594,0.0701,0.0725,0.0856,0.04596,0.08563,0.05957,0.05692,0.0842,0.0821,0.0844,0.08514,0.06384,0.06384,0.05957,0.04016,0.0838,0.0805,0.0581,0.0711,0.08057,0.0819,0.0725,0.0856,0.08057,0.0841,0.064,0.0829,0.0792,0.0812,0.08
0.0735,0.0703,0.07837,0.0807,0.072,0.0695,0.07935,0.0806,0.04126,0.06464,0.0769,0.0744,0.06274,0.06976,0.078,0.0808,0.06494,0.0804,0.08276,0.0758,0.0786,0.07336,0.0819,0.0797,0.04883,0.0808,0.0856,0.07825,0.08124,0.06244,0.0688,0.0776,0.08374,0.06775,0.07825,0.0794,0.0679,0.08215,0.07886,0.07117,0.06946,0.0806,0.03815,0.08417,0.08093,0.0606,0.06033,0.07416,0.0795,0.03778,0.03076,0.07874,0.0786,0.0797,0.0751,0.0807,0.06714,0.08325,0.03937,0.072,0.063,0.02441,0.077,0.0664,0.0753,0.0664,0.0821,0.0821,0.02402,0.0801,0.0679,0.06274,0.05762,0.03102,0.03967,0.06573,0.0687,0.07556,0.0746,0.0812,0.0822,0.0724,0.07556,0.06573,0.05762,0.0794,0.0735,0.06946,0.0753,0.0728,0.0822,0.07556,0.03087,0.07117,0.0727,0.078,0.0819,0.0344,0.0769,0.0812
0.07495,0.0655,0.07153,0.0808,0.0679,0.0679,0.05673,0.07825,0.06555,0.06396,0.06824,0.06192,0.078,0.07935,0.07666,0.08044,0.06866,0.0752,0.05795,0.0714,0.0741,0.06003,0.07666,0.07916,0.07544,0.04272,0.0829,0.07715,0.06287,0.0707,0.0551,0.05377,0.0779,0.0725,0.0719,0.07874,0.0541,0.0765,0.0522,0.0679,0.03503,0.07684,0.02705,0.05746,0.07715,0.06082,0.0679,0.06934,0.0741,0.0674,0.0686,0.054,0.07654,0.07837,0.06213,0.078,0.0736,0.08044,0.06213,0.0738,0.06433,0.05673,0.0746,0.06555,0.0707,0.04153,0.0671,0.07324,0.05048,0.0719,0.07837,0.0655,0.067,0.05377,0.05585,0.07654,0.06107,0.07495,0.07654,0.06003,0.0725,0.074,0.07684,0.03198,0.0671,0.0764,0.0752,0.06192,0.0764,0.0765,0.0724,0.03824,0.04153,0.05954,0.0373,0.07166,0.05954,0.0551,0.06107,0.07935
0.05725,0.07117,0.05777,0.0733,0.0714,0.04745,0.07104,0.0664,0.0625,0.06097,0.0664,0.0645,0.05255,0.0706,0.07104,0.05045,0.0714,0.06525,0.05725,0.0684,0.07544,0.06616,0.0719,0.03894,0.06744,0.05865,0.0737,0.0458,0.06744,0.0713,0.04153,0.0722,0.06726,0.07245,0.06433,0.0654,0.03378,0.06396,0.05777,0.06604,0.0645,0.0654,0.0697,0.05573,0.0776,0.0714,0.0717,0.0737,0.0652,0.063,0.0721,0.06946,0.07196,0.0697,0.06775,0.07153,0.06836,0.0665,0.0624,0.0737,0.0657,0.06836,0.0664,0.06946,0.06616,0.05896,0.0729,0.0729,0.03397,0.06885,0.0722,0.0654,0.0713,0.02077,0.0645,0.07007,0.05026,0.06134,0.0713,0.05045,0.0685,0.0665,0.0717,0.0458,0.0687,0.05557,0.06885,0.0714,0.0652,0.0645,0.06055,0.0625,0.05658,0.0714,0.05026,0.06055,0.06134,0.0664,0.06525,0.0687
0.0644,0.0671,0.0421,0.0724,0.05234,0.0563,0.0675,0.06323,0.06683,0.0657,0.068,0.0675,0.06238,0.07117,0.0665,0.0561,0.0684,0.03165,0.0639,0.0619,0.071,0.05853,0.06866,0.0581,0.0657,0.06805,0.06805,0.05798,0.06094,0.0673,0.05334,0.06683,0.0673,0.06683,0.06143,0.06445,0.05182,0.0484,0.03384,0.0672,0.0665,0.0702,0.05893,0.06143,0.0697,0.07104,0.05893,0.0651,0.05988,0.0691,0.0668,0.06714,0.0335,0.06714,0.06573,0.0692,0.06042,0.0594,0.05585,0.06198,0.06445,0.0651,0.06183,0.02617,0.068,0.0648,0.0652,0.0635,0.05194,0.0636,0.0696,0.06494,0.0691,0.05676,0.0648,0.0657,0.05304,0.04712,0.0637,0.0619,0.0594,0.0686,0.068,0.04712,0.06274,0.05798,0.0673,0.0686,0.06573,0.0336,0.0637,0.0668,0.03099,0.05676,0.02927,0.06094,0.06183,0.05054,0.06866,0.06042
0.06464,0.03348,0.04462,0.05466,0.04736,0.04532,0.06885,0.06384,0.0663,0.0677,0.06204,0.06323,0.06067,0.06616,0.0642,0.0594,0.0664,0.05035,0.06445,0.06384,0.06616,0.06433,0.06616,0.0575,0.06433,0.0682,0.0624,0.0319,0.0547,0.06506,0.05243,0.06604,0.0671,0.0674,0.06238,0.0653,0.0282,0.055,0.04956,0.06122,0.06616,0.06805,0.0647,0.0584,0.03287,0.03406,0.0654,0.05243,0.05273,0.06635,0.05447,0.05298,0.04532,0.05908,0.0646,0.0589,0.0321,0.05624,0.05933,0.0637,0.0635,0.0675,0.0652,0.02563,0.0671,0.0489,0.06464,0.0589,0.05273,0.06226,0.06226,0.06433,0.0589,0.02945,0.06616,0.0581,0.04736,0.05466,0.06445,0.0647,0.0584,0.0637,0.055,0.05908,0.0654,0.0586,0.0681,0.0575,0.0586,0.02444,0.05328,0.05862,0.05298,0.0594,0.05862,0.0637,0.0663,0.05933,0.0682,0.06067
0.063,0.05493,0.01727,0.04016,0.04083,0.04703,0.06223,0.0642,0.05792,0.0584,0.0646,0.0609,0.0638,0.0636,0.0631,0.06323,0.0607,0.05927,0.03049,0.06097,0.06445,0.0531,0.0595,0.062,0.05746,0.067,0.0558,0.04092,0.05548,0.0662,0.058,0.0642,0.0484,0.0636,0.03015,0.0614,0.04956,0.0556,0.05685,0.06247,0.05957,0.067,0.05536,0.0529,0.0484,0.03015,0.0594,0.05258,0.0524,0.0644,0.0595,0.05646,0.06104,0.05646,0.04834,0.06165,0.05563,0.0531,0.05908,0.05685,0.0575,0.05914,0.06476,0.058,0.0644,0.04092,0.0638,0.06042,0.06097,0.06097,0.06335,0.06018,0.05762,0.05762,0.06088,0.0595,0.02792,0.0577,0.0319,0.063,0.05753,0.06287,0.04083,0.05493,0.0577,0.0594,0.0575,0.0636,0.05765,0.04703,0.05765,0.05536,0.06042,0.05746,0.04956,0.0484,0.0484,0.05914,0.06097,0.05927
0.0607,0.05646,0.01874,0.05228,0.04694,0.0512,0.0584,0.06168,0.05087,0.05798,0.06168,0.06186,0.06238,0.0564,0.06232,0.0551,0.05832,0.04477,0.04742,0.05713,0.06046,0.05026,0.06097,0.0467,0.04254,0.06226,0.05838,0.05557,0.05505,0.05823,0.05673,0.06232,0.05518,0.0607,0.04877,0.05933,0.04895,0.04657,0.05478,0.05557,0.0502,0.05478,0.05267,0.05518,0.0557,0.05084,0.0581,0.04715,0.0559,0.05566,0.0603,0.0594,0.05493,0.06165,0.0558,0.02908,0.0522,0.05673,0.05496,0.05893,0.05832,0.0593,0.05716,0.05524,0.05505,0.04657,0.03928,0.05936,0.04694,0.03116,0.0593,0.0581,0.06003,0.05948,0.05438,0.06168,0.02908,0.05777,0.0467,0.0564,0.0596,0.0594,0.05267,0.05603,0.05087,0.06042,0.0426,0.05933,0.04715,0.0551,0.05798,0.0426,0.0584,0.0594,0.05933,0.05438,0.03928,0.04477,0.0594,0.05493
0.05328,0.05692,0.03757,0.05408,0.0544,0.0535,0.05264,0.0551,0.05746,0.0495,0.05048,0.05325,0.05603,0.06042,0.05173,0.05737,0.05157,0.04935,0.03827,0.05145,0.058,0.0572,0.05823,0.0495,0.04886,0.0595,0.05743,0.0576,0.051,0.0532,0.05585,0.0266,0.0401,0.05444,0.0526,0.05582,0.0546,0.0526,0.056,0.05743,0.05176,0.0465,0.0476,0.05414,0.05533,0.04834,0.05685,0.05292,0.05255,0.0544,0.05762,0.05078,0.05856,0.04437,0.04706,0.05045,0.05646,0.05676,0.05582,0.05603,0.05823,0.05768,0.05078,0.05243,0.05554,0.04742,0.05255,0.04123,0.05328,0.04926,0.0531,0.05078,0.05634,0.05603,0.02621,0.06104,0.05176,0.04123,0.02579,0.047,0.02786,0.05173,0.058,0.05685,0.0401,0.05325,0.04834,0.05737,0.04004,0.05222,0.05692,0.0476,0.0578,0.04932,0.05856,0.04004,0.05078,0.02353,0.0535,0.056
0.0467,0.05322,0.0449,0.0406,0.0506,0.04733,0.05432,0.03424,0.0564,0.04855,0.05347,0.05627,0.05048,0.057,0.05383,0.0534,0.05627,0.0386,0.04755,0.04977,0.05493,0.04718,0.04797,0.02603,0.05154,0.0536,0.05585,0.05682,0.04626,0.0438,0.0546,0.04846,0.04855,0.04034,0.05536,0.0512,0.0502,0.0499,0.05588,0.05377,0.0195,0.04907,0.05344,0.05444,0.056,0.05328,0.05182,0.0531,0.05466,0.04672,0.0531,0.0531,0.0542,0.05307,0.0559,0.05176,0.0408,0.0531,0.05484,0.05197,0.05554,0.05414,0.04907,0.04977,0.05307,0.05347,0.05313,0.0406,0.05322,0.0498,0.04672,0.0512,0.05347,0.0534,0.03995,0.0559,0.0542,0.04965,0.02367,0.04938,0.03925,0.04657,0.05072,0.0536,0.0438,0.05307,0.0438,0.05627,0.04846,0.05176,0.05536,0.05072,0.05554,0.05197,0.05585,0.03424,0.04626,0.04657,0.0531,0.04797
0.05057,0.0515,0.049,0.04648,0.04556,0.02512,0.05054,0.04367,0.05057,0.05243,0.03928,0.0498,0.04523,0.0539,0.05383,0.0539,0.05096,0.04556,0.03745,0.0511,0.04932,0.05014,0.02444,0.04443,0.04626,0.0524,0.0452,0.05557,0.0497,0.02968,0.05408,0.04993,0.05072,0.04727,0.05515,0.0466,0.04962,0.03867,0.0519,0.05182,0.0363,0.04648,0.04944,0.05304,0.05414,0.03564,0.0382,0.05096,0.04663,0.02408,0.05322,0.05173,0.05457,0.0465,0.05588,0.05014,0.04944,0.0519,0.02325,0.05182,0.05557,0.05234,0.03564,0.05243,0.0452,0.05334,0.05328,0.04962,0.05322,0.05014,0.05383,0.05316,0.0462,0.05124,0.03745,0.02466,0.03235,0.0513,0.02466,0.05072,0.03326,0.04758,0.0513,0.04376,0.0462,0.05264,0.03326,0.05014,0.05057,0.05173,0.05334,0.04376,0.05408,0.0515,0.0498,0.04376,0.02379,0.05057,0.04443,0.04962
0.05035,0.05026,0.0377,0.0437,0.04602,0.04822,0.0503,0.0502,0.05182,0.05078,0.04626,0.04797,0.03485,0.052,0.05127,0.05005,0.04956,0.05035,0.0374,0.03665,0.05066,0.05286,0.04004,0.0425,0.01758,0.04117,0.03345,0.04425,0.05084,0.04553,0.04742,0.03955,0.04797,0.04825,0.0478,0.0439,0.05054,0.04776,0.0468,0.04108,0.04324,0.03714,0.04382,0.02353,0.03955,0.02357,0.04535,0.0503,0.0478,0.03714,0.0409,0.042,0.0481,0.0489,0.04028,0.04828,0.04626,0.03958,0.04596,0.044,0.04898,0.04944,0.03284,0.0515,0.04044,0.04828,0.04807,0.05054,0.0459,0.02542,0.0406,0.05017,0.04807,0.04956,0.01833,0.03345,0.04117,0.0445,0.0339,0.03284,0.03958,0.03873,0.05084,0.0406,0.04898,0.04932,0.04773,0.05075,0.04785,0.04742,0.03873,0.0468,0.021,0.04932,0.05084,0.04797,0.0339,0.04773,0.0445,0.04944
0.04062,0.04193,0.04108,0.04575,0.0475,0.04877,0.0434,0.0414,0.0426,0.04834,0.04224,0.04382,0.0414,0.05057,0.04117,0.04874,0.04993,0.04898,0.04712,0.03622,0.04712,0.03296,0.02917,0.03093,0.03296,0.04773,0.0373,0.0463,0.02187,0.02054,0.04764,0.0326,0.04474,0.04303,0.03888,0.0426,0.04373,0.04596,0.03574,0.02188,0.0464,0.04382,0.04565,0.04062,0.04425,0.03543,0.04706,0.04523,0.0479,0.04172,0.0465,0.04535,0.04498,0.04898,0.03093,0.04553,0.03363,0.04352,0.0231,0.02277,0.04016,0.0475,0.0443,0.0484,0.0426,0.0494,0.04712,0.04565,0.04114,0.04602,0.04114,0.04523,0.0459,0.0464,0.03967,0.03888,0.04663,0.0459,0.0434,0.04358,0.04373,0.04596,0.04095,0.03796,0.04993,0.04565,0.02301,0.04663,0.0443,0.02246,0.02325,0.0484,0.0326,0.0479,0.04425,0.04498,0.03796,0.0426,0.04016,0.04358
0.04474,0.03754,0.0371,0.04315,0.03458,0.04755,0.04016,0.04092,0.04178,0.0396,0.04205,0.0213,0.0376,0.04883,0.0374,0.02411,0.0444,0.04715,0.04312,0.04205,0.0415,0.0398,0.04077,0.04175,0.0374,0.01729,0.03497,0.04507,0.03882,0.04062,0.04498,0.0405,0.03357,0.03143,0.0431,0.0431,0.04437,0.0368,0.04004,0.03336,0.04355,0.04376,0.0425,0.04504,0.04297,0.04077,0.04773,0.04236,0.04584,0.0409,0.04297,0.04462,0.03366,0.04306,0.03427,0.04584,0.03026,0.04355,0.03674,0.03925,0.03674,0.02179,0.04092,0.04175,0.0402,0.04767,0.04468,0.04395,0.04468,0.03333,0.0431,0.0295,0.04236,0.0396,0.04462,0.0402,0.0351,0.04474,0.04327,0.03333,0.04498,0.04016,0.0371,0.0295,0.02179,0.03925,0.04306,0.04077,0.04114,0.02917,0.03143,0.04584,0.0396,0.04376,0.0396,0.04315,0.0425,0.03754,0.04187,0.04062
0.04367,0.03998,0.03613,0.04236,0.04053,0.0412,0.03528,0.03204,0.04236,0.04156,0.04007,0.03204,0.0418,0.0456,0.0416,0.0337,0.04053,0.0387,0.0373,0.03436,0.03824,0.0418,0.04083,0.0418,0.0296,0.0299,0.03928,0.0464,0.0412,0.04126,0.0421,0.03925,0.03732,0.02992,0.03918,0.02779,0.04453,0.0407,0.04254,0.0395,0.04163,0.03123,0.03436,0.0431,0.03168,0.01749,0.04126,0.0361,0.0363,0.04007,0.03528,0.04102,0.03247,0.04236,0.03815,0.02977,0.03918,0.04266,0.03156,0.04138,0.03906,0.03168,0.03543,0.04312,0.03638,0.04608,0.04245,0.04333,0.04053,0.02779,0.04053,0.03946,0.04214,0.03577,0.04315,0.01912,0.035,0.04138,0.01624,0.03156,0.03998,0.04367,0.01866,0.03543,0.0296,0.03976,0.0425,0.0418,0.0421,0.03732,0.03928,0.03946,0.03906,0.02078,0.04083,0.0425,0.03577,0.0395,0.03976,0.02107
0.03143,0.03784,0.03384,0.02383,0.03195,0.04022,0.03503,0.04114,0.0312,0.03937,0.02878,0.03748,0.04163,0.0384,0.04068,0.0376,0.0362,0.0343,0.04224,0.03876,0.03134,0.03075,0.03973,0.03494,0.02003,0.04034,0.03635,0.03955,0.03705,0.03986,0.03934,0.0409,0.0417,0.03607,0.03717,0.03848,0.03925,0.0297,0.04208,0.03558,0.04004,0.03525,0.0384,0.03632,0.034,0.03644,0.03026,0.0332,0.03925,0.03607,0.03796,0.0412,0.0388,0.03026,0.0398,0.03195,0.03827,0.03705,0.0362,0.0303,0.03925,0.0365,0.0347,0.04156,0.0357,0.03876,0.03885,0.03726,0.03772,0.02142,0.03998,0.04065,0.0418,0.03934,0.04114,0.0332,0.03592,0.0303,0.02003,0.0373,0.03955,0.0418,0.03058,0.03772,0.03754,0.0398,0.03937,0.01987,0.0373,0.03717,0.03864,0.0365,0.03827,0.03075,0.03864,0.04068,0.03058,0.03754,0.03784,0.02142
0.0363,0.04004,0.03668,0.02954,0.03558,0.03625,0.0354,0.038,0.03552,0.03778,0.03574,0.03357,0.04016,0.03882,0.03912,0.03644,0.03574,0.03708,0.03003,0.03717,0.0367,0.03757,0.0377,0.03552,0.03583,0.03021,0.0368,0.03552,0.03748,0.03656,0.03644,0.03357,0.04126,0.0359,0.03772,0.03757,0.03455,0.03912,0.03427,0.03668,0.03412,0.03354,0.0377,0.03845,0.03394,0.03644,0.0354,0.0359,0.0374,0.02945,0.0377,0.0382,0.03906,0.03275,0.01877,0.03732,0.03223,0.03693,0.0391,0.03394,0.0239,0.03516,0.03662,0.03668,0.03568,0.0343,0.01822,0.03583,0.0186,0.02881,0.03296,0.03021,0.03912,0.02832,0.01529,0.03427,0.02905,0.03223,0.0343,0.0284,0.03873,0.0391,0.03412,0.0366,0.03552,0.03625,0.04016,0.03357,0.03757,0.0337,0.03516,0.03708,0.03732,0.02724,0.0377,0.03915,0.02724,0.03656,0.03296,0.02905
0.0377,0.03668,0.0379,0.03247,0.03748,0.0382,0.03668,0.03717,0.03555,0.03595,0.0351,0.035,0.03796,0.03815,0.034,0.03656,0.0264,0.03647,0.03354,0.03656,0.03534,0.03644,0.0375,0.02544,0.0359,0.034,0.03137,0.03784,0.03268,0.02226,0.0372,0.03537,0.03857,0.03665,0.0382,0.03564,0.0336,0.03833,0.03534,0.03662,0.0363,0.03403,0.03564,0.03326,0.03244,0.02655,0.02988,0.03656,0.0365,0.03455,0.01917,0.03442,0.01874,0.03723,0.0276,0.0329,0.01645,0.03668,0.03375,0.03656,0.02924,0.03268,0.03394,0.037,0.03546,0.03546,0.0264,0.0172,0.03336,0.0332,0.0355,0.03128,0.03784,0.03244,0.02226,0.03564,0.03128,0.03653,0.02544,0.0343,0.034,0.02655,0.03375,0.03442,0.03412,0.03644,0.03653,0.03137,0.03555,0.0336,0.03403,0.0343,0.03668,0.03534,0.03455,0.03656,0.03137,0.01823,0.03326,0.03394
0.03583,0.03534,0.03308,0.02457,0.03122,0.0359,0.0343,0.03223,0.03473,0.03632,0.0326,0.03467,0.03525,0.03214,0.02881,0.03693,0.03192,0.01831,0.03503,0.03268,0.03195,0.03442,0.03632,0.03122,0.02145,0.03458,0.03436,0.03091,0.03436,0.02838,0.0326,0.02837,0.02501,0.0365,0.0357,0.03632,0.03516,0.0343,0.0339,0.03488,0.03693,0.03406,0.03516,0.0326,0.03406,0.02972,0.03455,0.0338,0.0348,0.0346,0.02234,0.03314,0.03333,0.03583,0.03195,0.03223,0.02234,0.03513,0.0348,0.03485,0.02957,0.03476,0.03384,0.02832,0.03026,0.03394,0.02832,0.02457,0.03485,0.03613,0.03552,0.034,0.03607,0.03433,0.03458,0.03476,0.0339,0.03223,0.02232,0.03333,0.02501,0.033,0.03406,0.03406,0.03436,0.03476,0.03223,0.02641,0.0346,0.03308,0.03442,0.03455,0.02957,0.03503,0.03384,0.03525,0.01695,0.02232,0.017,0.03473
0.0327,0.03503,0.02267,0.01475,0.03296,0.03116,0.03378,0.03375,0.03433,0.03284,0.0263,0.03433,0.03247,0.02856,0.0326,0.0335,0.03314,0.01765,0.03494,0.01697,0.03333,0.02487,0.02824,0.031,0.03116,0.03577,0.03485,0.03363,0.034,0.0311,0.03326,0.02307,0.02368,0.02942,0.03375,0.03357,0.0323,0.0338,0.03412,0.01611,0.03455,0.03168,0.03387,0.03406,0.03116,0.02933,0.03394,0.03357,0.02803,0.03406,0.02881,0.03354,0.03357,0.01315,0.03214,0.0329,0.0286,0.03442,0.03546,0.02803,0.0242,0.03235,0.03247,0.03262,0.0317,0.03223,0.02675,0.02885,0.03162,0.03403,0.03516,0.03406,0.02844,0.03406,0.0317,0.02606,0.03162,0.03308,0.0335,0.02971,0.03156,0.0337,0.0336,0.02933,0.03317,0.03214,0.03317,0.02675,0.03168,0.0338,0.03156,0.03357,0.03284,0.03308,0.01617,0.03485,0.02463,0.02844,0.02463,0.03223
0.0331,0.02689,0.0332,0.0244,0.0292,0.02823,0.0337,0.0263,0.03418,0.0115,0.01273,0.01666,0.03308,0.03061,0.0327,0.03342,0.02516,0.02545,0.034,0.012314,0.03372,0.02661,0.0313,0.02817,0.0316,0.017,0.0316,0.02094,0.03378,0.02827,0.02869,0.03073,0.02771,0.02948,0.01694,0.03363,0.02037,0.02768,0.03122,0.02791,0.02689,0.03186,0.03317,0.0321,0.03235,0.0263,0.03128,0.03162,0.03082,0.03406,0.0305,0.03342,0.0169,0.02193,0.01593,0.02997,0.03123,0.03001,0.02919,0.03058,0.03033,0.0252,0.02855,0.03226,0.03406,0.02898,0.02094,0.0241,0.02927,0.02846,0.0332,0.02869,0.03214,0.02953,0.02846,0.0292,0.03186,0.02734,0.03001,0.02948,0.03268,0.0321,0.02231,0.0237,0.01501,0.0237,0.03033,0.0305,0.02231,0.03198,0.015396,0.01636,0.02997,0.03378,0.02193,0.03073,0.02771,0.02953,0.0316,0.03198
0.03156,0.02963,0.03345,0.02856,0.0305,0.02846,0.02193,0.0261,0.02489,0.02193,0.0221,0.02307,0.0318,0.02545,0.02408,0.03056,0.01378,0.02417,0.02803,0.02069,0.0293,0.021,0.02905,0.02927,0.02213,0.02614,0.0314,0.0209,0.0306,0.0227,0.0305,0.0298,0.0274,0.01964,0.0281,0.03204,0.02898,0.02977,0.0306,0.02658,0.02957,0.02902,0.03134,0.0304,0.0209,0.02895,0.0318,0.0146,0.02992,0.0329,0.02985,0.02417,0.02489,0.02528,0.0221,0.01247,0.03207,0.03049,0.01452,0.0306,0.0315,0.0264,0.0261,0.0293,0.0322,0.02695,0.02406,0.02417,0.0305,0.0299,0.02809,0.0264,0.02972,0.02213,0.02406,0.03096,0.02863,0.02992,0.02867,0.02803,0.03001,0.03001,0.01964,0.02515,0.02469,0.02408,0.0153,0.0281,0.02867,0.03204,0.02069,0.0227,0.02528,0.02898,0.02545,0.0314,0.03049,0.01463,0.02972,0.02809
0.03012,0.02786,0.02783,0.02771,0.02942,0.02737,0.02177,0.02808,0.02478,0.02022,0.01172,0.01886,0.03117,0.02875,0.02701,0.02933,0.02213,0.02411,0.02536,0.0239,0.0311,0.0265,0.02657,0.02942,0.02698,0.02808,0.03036,0.02643,0.02153,0.02567,0.01301,0.02829,0.02856,0.02484,0.02972,0.02628,0.02858,0.03006,0.02841,0.02939,0.02698,0.0267,0.02182,0.02869,0.02487,0.02992,0.03117,0.0256,0.0292,0.02966,0.02841,0.01226,0.02539,0.02213,0.02533,0.02849,0.02751,0.02922,0.02457,0.02934,0.02759,0.02533,0.02806,0.02505,0.02608,0.02379,0.02142,0.02055,0.02621,0.0246,0.02795,0.02754,0.027,0.02177,0.01712,0.01277,0.02698,0.02939,0.02992,0.027,0.02945,0.02777,0.02249,0.02628,0.0256,0.01369,0.02182,0.02942,0.02783,0.02142,0.01712,0.02608,0.0239,0.02457,0.02858,0.02771,0.0265,0.0267,0.02922,0.02856
0.02855,0.02951,0.02557,0.02458,0.02823,0.02423,0.02527,0.02855,0.02286,0.02608,0.0203,0.02551,0.014114,0.02065,0.02748,0.02335,0.02649,0.02788,0.01909,0.02472,0.01979,0.01756,0.02185,0.025,0.01309,0.02606,0.02698,0.02716,0.02435,0.02698,0.02472,0.02911,0.02612,0.0239,0.02362,0.0278,0.02393,0.02957,0.02101,0.02783,0.02377,0.02759,0.0251,0.0277,0.02768,0.02847,0.02608,0.02681,0.02682,0.02396,0.02861,0.01756,0.02423,0.02567,0.02025,0.02362,0.02567,0.02649,0.01868,0.02603,0.0266,0.02458,0.02171,0.02025,0.02554,0.0253,0.02065,0.01253,0.010124,0.02585,0.010124,0.02487,0.02682,0.022,0.02081,0.01852,0.0274,0.02621,0.02795,0.0239,0.02957,0.02606,0.0263,0.02681,0.02716,0.02396,0.02203,0.01265,0.01909,0.02469,0.02171,0.02689,0.02621,0.02101,0.0251,0.01852,0.02335,0.02487,0.02768,0.02551
0.02715,0.02675,0.02612,0.01796,0.02658,0.02425,0.0246,0.0244,0.0252,0.01212,0.02203,0.02425,0.01874,0.0191,0.02519,0.02258,0.02626,0.02466,0.0233,0.01796,0.02444,0.02325,0.02153,0.0252,0.0194,0.02313,0.0267,0.02127,0.022,0.02496,0.02187,0.02466,0.01584,0.01984,0.02235,0.02393,0.02448,0.02478,0.0226,0.02715,0.02455,0.02731,0.02287,0.0264,0.01927,0.01306,0.0181,0.02771,0.02267,0.026,0.02599,0.02469,0.02547,0.02243,0.0249,0.02501,0.02454,0.02576,0.02528,0.02258,0.02483,0.02478,0.02243,0.02481,0.0246,0.02478,0.0165,0.01761,0.02138,0.02727,0.0165,0.02153,0.025,0.02235,0.02264,0.01584,0.0245,0.0245,0.026,0.02426,0.02528,0.02217,0.01927,0.02454,0.02458,0.02675,0.02483,0.02264,0.02576,0.02519,0.012344,0.02658,0.02576,0.02393,0.02481,0.02187,0.02455,0.01984,0.02466,0.01288
0.02148,0.02548,0.02374,0.02278,0.0246,0.02368,0.011536,0.02222,0.02573,0.02072,0.02274,0.02533,0.02148,0.01926,0.02545,0.0239,0.02298,0.02426,0.02397,0.0202,0.02214,0.02155,0.02228,0.02501,0.023,0.02444,0.01617,0.02534,0.02206,0.02481,0.02454,0.0214,0.02135,0.02403,0.02353,0.01994,0.02446,0.02017,0.01782,0.0249,0.01782,0.02542,0.02072,0.02054,0.02225,0.01625,0.02155,0.01318,0.02509,0.02527,0.02411,0.02443,0.012054,0.0235,0.01767,0.02315,0.0235,0.01935,0.01221,0.02205,0.02182,0.02426,0.0119,0.02425,0.012665,0.02496,0.01935,0.0214,0.022,0.02551,0.02133,0.02199,0.01617,0.0193,0.02344,0.02315,0.02188,0.02397,0.0246,0.02278,0.01881,0.0235,0.02205,0.02446,0.02194,0.010666,0.02509,0.02481,0.02501,0.01286,0.0226,0.02534,0.02443,0.02135,0.02454,0.01994,0.02199,0.02298,0.0226,0.01036
0.0143,0.01248,0.02223,0.02318,0.02301,0.0202,0.0169,0.01994,0.02211,0.02357,0.01553,0.02206,0.0232,0.01553,0.01971,0.02075,0.02252,0.0112,0.02309,0.02277,0.01105,0.02106,0.01892,0.02219,0.02377,0.012085,0.02087,0.01904,0.02316,0.0246,0.02402,0.02211,0.02158,0.009575,0.02374,0.0214,0.02454,0.01651,0.02118,0.0243,0.01855,0.02267,0.02283,0.0232,0.02173,0.0206,0.02357,0.02078,0.02216,0.02045,0.0232,0.01555,0.01833,0.01773,0.02231,0.01166,0.02328,0.02202,0.02216,0.0206,0.02267,0.02045,0.01901,0.02252,0.0143,0.0235,0.02106,0.02357,0.02275,0.02466,0.02069,0.02301,0.0214,0.02075,0.02112,0.02116,0.02078,0.02151,0.02226,0.02216,0.022,0.02249,0.02135,0.02211,0.02226,0.01602,0.02136,0.02211,0.0242,0.00946,0.02277,0.02402,0.02283,0.02112,0.02357,0.02318,0.01555,0.0101,0.02231,0.01971
0.01752,0.0207,0.02068,0.0212,0.02032,0.01845,0.02158,0.02136,0.01883,0.022,0.01889,0.02228,0.02206,0.01539,0.02127,0.01543,0.02252,0.01539,0.01932,0.01779,0.01567,0.02132,0.01718,0.01599,0.02245,0.0166,0.02231,0.02266,0.02086,0.02267,0.011604,0.02069,0.02164,0.015015,0.02316,0.01927,0.01171,0.01685,0.01956,0.01996,0.01546,0.02158,0.02199,0.0214,0.02109,0.02315,0.01997,0.02147,0.02307,0.01845,0.02199,0.01878,0.01657,0.02121,0.02307,0.01639,0.02277,0.02155,0.02063,0.01865,0.02245,0.01605,0.01488,0.02286,0.01567,0.0195,0.01134,0.01158,0.02231,0.02315,0.01779,0.02126,0.02252,0.02103,0.01599,0.02118,0.02068,0.01457,0.01625,0.02267,0.02063,0.02193,0.00935,0.02266,0.02051,0.02142,0.01114,0.022,0.02051,0.01625,0.02136,0.02147,0.0204,0.01865,0.02094,0.01457,0.01657,0.01932,0.02094,0.0212
0.01033,0.01863,0.022,0.01685,0.0209,0.01967,0.02171,0.02147,0.01962,0.01033,0.02057,0.0209,0.01971,0.00884,0.02098,0.02042,0.02158,0.01921,0.0208,0.01862,0.01959,0.01651,0.01672,0.01935,0.01288,0.02023,0.0209,0.01929,0.0161,0.02226,0.0082,0.02118,0.02005,0.014885,0.02042,0.02191,0.01825,0.01663,0.01889,0.01842,0.01813,0.01881,0.01567,0.0209,0.01921,0.02191,0.01721,0.01886,0.02231,0.01843,0.01796,0.01994,0.01901,0.01967,0.0198,0.01878,0.02171,0.0178,0.01971,0.01842,0.01866,0.0199,0.0182,0.02032,0.01901,0.01692,0.01825,0.01033,0.02176,0.01904,0.01764,0.014885,0.02226,0.0198,0.01764,0.02147,0.01994,0.01288,0.015,0.02151,0.02127,0.02057,0.02042,0.0178,0.02084,0.02118,0.01825,0.01843,0.01935,0.01721,0.0177,0.01959,0.01889,0.01869,0.02023,0.0166,0.0177,0.01904,0.0208,0.0199
0.01033,0.01978,0.02052,0.01901,0.01862,0.01936,0.02135,0.02026,0.02077,0.01481,0.02005,0.01828,0.01967,0.01268,0.02003,0.021,0.01816,0.01895,0.01993,0.01886,0.01993,0.01697,0.0178,0.01984,0.01685,0.01859,0.009674,0.01767,0.01776,0.02097,0.01526,0.01968,0.01936,0.01862,0.02116,0.01886,0.01433,0.01779,0.01627,0.01918,0.02046,0.01938,0.01845,0.0169,0.01865,0.019,0.012245,0.0194,0.01758,0.01965,0.01683,0.01907,0.01695,0.01999,0.01958,0.01822,0.02084,0.01929,0.01456,0.01886,0.01845,0.009865,0.01862,0.02003,0.01918,0.01959,0.01843,0.01503,0.01042,0.02026,0.0185,0.0146,0.02072,0.01685,0.01683,0.01862,0.0191,0.01627,0.0169,0.01744,0.0146,0.01695,0.01962,0.01962,0.02046,0.01938,0.01886,0.01848,0.01999,0.0185,0.01816,0.01959,0.01822,0.0192,0.01971,0.01784,0.01767,0.01776,0.01784,0.01865
0.01736,0.01973,0.01264,0.01921,0.01611,0.01944,0.02014,0.01736,0.01904,0.008415,0.01865,0.01813,0.01689,0.01736,0.01662,0.00977,0.0191,0.0185,0.01839,0.01776,0.01964,0.01828,0.01758,0.01834,0.01318,0.01736,0.01552,0.01926,0.0181,0.01927,0.01602,0.0181,0.01785,0.01974,0.01933,0.01933,0.01843,0.01913,0.01685,0.01956,0.01952,0.01697,0.01758,0.01424,0.01718,0.0179,0.01318,0.01602,0.01895,0.01915,0.01662,0.01909,0.01552,0.0181,0.01709,0.01932,0.01918,0.01906,0.01796,0.01917,0.01947,0.01807,0.01828,0.01865,0.0195,0.0191,0.0184,0.01689,0.01791,0.01917,0.0184,0.01709,0.0195,0.01831,0.01426,0.01906,0.01897,0.01749,0.01811,0.016,0.01434,0.01718,0.016,0.01549,0.009605,0.01807,0.0185,0.01401,0.01956,0.01831,0.01549,0.01749,0.01904,0.01843,0.01401,0.01637,0.0179,0.01913,0.01424,0.01791
0.01823,0.01762,0.01813,0.01886,0.01465,0.01793,0.01865,0.01738,0.01826,0.01611,0.01889,0.01884,0.0175,0.018,0.00815,0.014084,0.014206,0.01752,0.01663,0.0184,0.015526,0.01877,0.01816,0.01877,0.013855,0.0174,0.00865,0.01497,0.0186,0.01833,0.00876,0.01791,0.01724,0.01842,0.014206,0.0191,0.01582,0.01816,0.01675,0.01308,0.01819,0.01566,0.013336,0.01704,0.01718,0.01761,0.01617,0.01698,0.01738,0.01569,0.01834,0.01842,0.01521,0.01697,0.01567,0.01743,0.01834,0.01892,0.01865,0.01588,0.01761,0.01772,0.0186,0.01772,0.01813,0.01772,0.00916,0.01308,0.01811,0.01872,0.01843,0.01582,0.01852,0.01823,0.01697,0.01103,0.01904,0.01865,0.01656,0.0126,0.01627,0.01784,0.01572,0.0171,0.01497,0.0126,0.01797,0.01103,0.01656,0.01698,0.01506,0.00813,0.00922,0.01521,0.01642,0.0174,0.015526,0.00821,0.01572,0.01588
0.01446,0.01752,0.01743,0.01865,0.01518,0.01773,0.01378,0.01205,0.01749,0.01724,0.01793,0.01336,0.01529,0.01633,0.0163,0.0146,0.01593,0.01654,0.00851,0.0167,0.01749,0.01706,0.01611,0.01865,0.01689,0.013306,0.01216,0.01721,0.01587,0.01599,0.01287,0.00914,0.0162,0.01738,0.01674,0.01843,0.01747,0.01784,0.01727,0.01381,0.01747,0.015144,0.01723,0.01816,0.012924,0.01724,0.01617,0.014114,0.01706,0.01706,0.01694,0.01717,0.014786,0.00854,0.00723,0.01743,0.012924,0.01723,0.0139,0.01633,0.01584,0.01709,0.01816,0.01738,0.01749,0.01094,0.00792,0.014114,0.01749,0.01674,0.01627,0.006023,0.01752,0.015396,0.01611,0.01346,0.00922,0.01689,0.01604,0.01303,0.0159,0.01717,0.01572,0.012115,0.01587,0.01581,0.01541,0.01604,0.0163,0.01721,0.0073,0.01336,0.01094,0.0167,0.00847,0.015396,0.01654,0.012115,0.007904,0.01617
0.01656,0.0153,0.01643,0.01733,0.01575,0.013916,0.011154,0.01396,0.01457,0.01695,0.01486,0.01543,0.0158,0.01689,0.0162,0.01602,0.01402,0.01582,0.01143,0.01438,0.00777,0.01628,0.014435,0.01451,0.011475,0.012146,0.01494,0.01639,0.01462,0.01666,0.01441,0.01344,0.01732,0.01721,0.0159,0.01743,0.01462,0.01733,0.01689,0.012924,0.01721,0.01442,0.00867,0.01709,0.01557,0.01581,0.01604,0.014984,0.01402,0.012344,0.01602,0.01733,0.01639,0.015335,0.0106,0.012665,0.012924,0.01411,0.01366,0.013466,0.01511,0.01614,0.012344,0.01675,0.01605,0.01411,0.012146,0.01441,0.011795,0.0126,0.01509,0.01438,0.01463,0.014984,0.015335,0.01247,0.01463,0.01709,0.01457,0.01442,0.01557,0.01395,0.01605,0.01344,0.011475,0.01457,0.014435,0.012024,0.007286,0.012344,0.01576,0.01482,0.01366,0.01614,0.01486,0.00795,0.01666,0.013466,0.01451,0.008194
0.01461,0.01489,0.007713,0.011246,0.01484,0.01454,0.01159,0.01104,0.007618,0.01341,0.01036,0.0139,0.01491,0.01503,0.007137,0.01548,0.0167,0.01365,0.0143,0.01511,0.014046,0.01464,0.015175,0.01307,0.01482,0.01544,0.01344,0.01486,0.01584,0.01576,0.01203,0.01439,0.01611,0.01551,0.01503,0.01467,0.0126,0.013115,0.01499,0.01131,0.011536,0.01528,0.01241,0.01537,0.01489,0.015495,0.013435,0.013756,0.0148,0.013916,0.009094,0.0167,0.01541,0.013664,0.01428,0.01375,0.0108,0.014145,0.01292,0.013664,0.01464,0.007072,0.015015,0.015396,0.01544,0.01482,0.01477,0.01483,0.01407,0.01467,0.01482,0.01337,0.01292,0.011536,0.01428,0.01331,0.00552,0.01685,0.01477,0.013115,0.01499,0.015396,0.01307,0.01375,0.00968,0.01439,0.01407,0.013435,0.01036,0.01305,0.01484,0.00968,0.012924,0.01551,0.01483,0.012924,0.01503,0.01341,0.01503,0.01203
0.01387,0.01366,0.01214,0.01444,0.014275,0.01407,0.0141,0.01235,0.01115,0.012474,0.01148,0.006027,0.01401,0.01366,0.012375,0.011375,0.013504,0.01474,0.014145,0.01496,0.01186,0.0108,0.006374,0.01299,0.01456,0.01078,0.011444,0.01518,0.01479,0.012054,0.012955,0.01372,0.015465,0.01265,0.012955,0.012054,0.0067,0.01378,0.014755,0.01342,0.01312,0.01474,0.01285,0.01441,0.00705,0.014854,0.01105,0.01311,0.01514,0.01332,0.005936,0.0155,0.01378,0.01311,0.01517,0.01372,0.01135,0.012856,0.0139,0.01456,0.013504,0.01129,0.01351,0.014854,0.01289,0.013306,0.013565,0.0139,0.01497,0.01401,0.01398,0.01306,0.01336,0.012924,0.01407,0.013275,0.005245,0.01023,0.0148,0.014275,0.01398,0.014755,0.007206,0.0148,0.01105,0.013504,0.013275,0.0108,0.012375,0.01342,0.01068,0.01148,0.01285,0.01289,0.01265,0.01376,0.0144,0.01336,0.012924,0.013504
0.013535,0.01368,0.006195,0.01404,0.01382,0.01454,0.01404,0.01221,0.012764,0.01323,0.01357,0.01015,0.01021,0.01263,0.01251,0.006065,0.01323,0.01114,0.012245,0.01521,0.00567,0.011955,0.01233,0.01206,0.01334,0.01178,0.01139,0.01366,0.01285,0.0121,0.008865,0.013336,0.01344,0.013115,0.013885,0.01277,0.01236,0.01368,0.01347,0.01407,0.00627,0.0074,0.006504,0.01331,0.01173,0.01383,0.01255,0.01278,0.014946,0.0134,0.01088,0.01495,0.00475,0.0127,0.014854,0.01258,0.01263,0.01131,0.01346,0.01386,0.01271,0.01279,0.01354,0.01233,0.01088,0.0134,0.01218,0.013885,0.01269,0.01372,0.01331,0.01271,0.00827,0.006767,0.012245,0.01366,0.00827,0.01258,0.01303,0.01218,0.01277,0.01495,0.00831,0.006607,0.00831,0.01204,0.01303,0.01269,0.013214,0.013214,0.01204,0.01285,0.01383,0.01344,0.01206,0.006668,0.01495,0.01178,0.01386,0.0134
0.01266,0.01323,0.00961,0.01323,0.01352,0.01376,0.013374,0.00865,0.01139,0.01347,0.00884,0.010254,0.01205,0.013084,0.01039,0.009705,0.01376,0.00972,0.01139,0.00931,0.00918,0.011856,0.01225,0.01318,0.00961,0.00975,0.011505,0.00688,0.0139,0.01268,0.01042,0.01312,0.01315,0.01283,0.011826,0.01321,0.01227,0.01442,0.01369,0.012924,0.00974,0.01227,0.009544,0.01395,0.0126,0.013145,0.0123,0.01323,0.009636,0.01329,0.01132,0.01225,0.005386,0.01132,0.01442,0.012985,0.01305,0.01236,0.01344,0.01335,0.012695,0.01053,0.01326,0.01247,0.00865,0.00923,0.01099,0.01126,0.006264,0.01329,0.012924,0.01178,0.01247,0.010574,0.01225,0.01344,0.01042,0.009865,0.010605,0.010605,0.01322,0.01268,0.01166,0.01204,0.005962,0.00884,0.006573,0.00923,0.011856,0.01312,0.01078,0.009865,0.01185,0.01322,0.010574,0.009636,0.01323,0.00931,0.01395,0.00975
0.011856,0.012276,0.00943,0.013565,0.01091,0.013,0.011475,0.010254,0.011475,0.01252,0.00929,0.01107,0.01271,0.012436,0.01077,0.011696,0.0106,0.01219,0.00936,0.008064,0.010864,0.01169,0.01283,0.01221,0.01021,0.01194,0.00963,0.00959,0.010574,0.01161,0.01158,0.008804,0.01271,0.01231,0.009705,0.00943,0.01311,0.01373,0.01141,0.010956,0.010666,0.01237,0.01216,0.01271,0.01159,0.012695,0.01258,0.01102,0.00991,0.00599,0.01208,0.00614,0.00984,0.013145,0.013435,0.006184,0.01258,0.01213,0.01246,0.00961,0.0112,0.005447,0.011856,0.01161,0.00991,0.011566,0.008064,0.005806,0.008804,0.012436,0.005535,0.010574,0.0101,0.010895,0.01131,0.011154,0.01051,0.0053,0.004852,0.01081,0.011566,0.005577,0.01158,0.011925,0.01,0.010895,0.004807,0.01,0.00984,0.01216,0.01221,0.0109,0.006138,0.01131,0.01219,0.010956,0.013115,0.0101,0.013145,0.006065
0.0123,0.01196,0.01145,0.010864,0.01146,0.009384,0.00885,0.0115,0.01011,0.0117,0.01155,0.01027,0.01128,0.009384,0.00958,0.01195,0.010056,0.008896,0.01146,0.01185,0.01091,0.00943,0.01115,0.01191,0.01188,0.00904,0.007786,0.01025,0.01109,0.01192,0.012085,0.011024,0.01083,0.007782,0.01115,0.01079,0.00839,0.01156,0.00833,0.011566,0.00806,0.011505,0.011185,0.01165,0.009995,0.01245,0.01109,0.00958,0.01091,0.01023,0.01146,0.0105,0.010056,0.010475,0.01155,0.00916,0.007046,0.00575,0.01015,0.007782,0.01123,0.0102,0.009964,0.01165,0.007072,0.005592,0.011086,0.009285,0.01116,0.008865,0.005238,0.01156,0.00808,0.01074,0.005676,0.011505,0.00946,0.007072,0.00839,0.00986,0.005116,0.00943,0.011566,0.010864,0.00946,0.01079,0.007046,0.005074,0.00867,0.01146,0.0123,0.00916,0.00806,0.01195,0.011024,0.01091,0.01155,0.01083,0.01074,0.01011
0.00984,0.01001,0.010895,0.01121,0.01131,0.0103,0.009865,0.00711,0.010895,0.01079,0.01121,0.01074,0.011566,0.00951,0.009415,0.008224,0.00825,0.01048,0.01079,0.010765,0.01085,0.00751,0.01106,0.01059,0.00972,0.00856,0.01051,0.0105,0.00993,0.01134,0.01171,0.00991,0.010414,0.00959,0.01048,0.009186,0.009254,0.005875,0.007423,0.01096,0.006645,0.0112,0.01051,0.010544,0.00515,0.01191,0.00915,0.00929,0.00983,0.01074,0.011734,0.01041,0.007347,0.010895,0.01068,0.00993,0.008514,0.00921,0.00981,0.00915,0.00972,0.00955,0.01108,0.01178,0.00917,0.00552,0.01108,0.01014,0.01009,0.00929,0.008224,0.01057,0.0085,0.009514,0.00825,0.008514,0.00973,0.009415,0.003674,0.00856,0.007423,0.009186,0.0112,0.01059,0.00711,0.007935,0.00951,0.008545,0.01009,0.009865,0.01001,0.01023,0.00966,0.01096,0.004585,0.01023,0.01074,0.01014,0.00966,0.01001
0.01029,0.008255,0.011116,0.0112,0.01059,0.01001,0.00989,0.009155,0.01109,0.01009,0.01109,0.00928,0.01079,0.00979,0.009705,0.009155,0.01019,0.010025,0.010376,0.01021,0.00982,0.00892,0.00996,0.00981,0.009705,0.00874,0.01039,0.00976,0.009476,0.00893,0.01047,0.00979,0.00446,0.00905,0.01073,0.00763,0.009964,0.00871,0.00772,0.01006,0.009125,0.00873,0.010796,0.00982,0.00786,0.008286,0.00871,0.00976,0.01009,0.010086,0.00498,0.009415,0.009155,0.010666,0.00985,0.00979,0.00965,0.007133,0.009346,0.00772,0.009186,0.00812,0.01014,0.010086,0.00979,0.00976,0.01073,0.00933,0.010025,0.00717,0.00763,0.00818,0.008804,0.00783,0.009155,0.00923,0.009964,0.00949,0.007725,0.009186,0.008255,0.004894,0.009125,0.00976,0.009346,0.00783,0.00946,0.00957,0.004894,0.009964,0.00985,0.00812,0.00949,0.01021,0.00717,0.004982,0.01044,0.005096,0.01006,0.01014
0.01009,0.00909,0.010216,0.01092,0.01028,0.00816,0.009995,0.00957,0.009796,0.00893,0.01031,0.009254,0.00947,0.00946,0.004925,0.0094,0.00874,0.0094,0.00978,0.0087,0.00906,0.01015,0.00884,0.009445,0.009926,0.00343,0.00932,0.00981,0.0086,0.00921,0.00905,0.00964,0.008224,0.00947,0.00948,0.0081,0.00756,0.00908,0.00928,0.00996,0.00437,0.009254,0.01015,0.00983,0.00948,0.009796,0.00836,0.00964,0.00835,0.01026,0.00408,0.00453,0.00948,0.01041,0.007473,0.0096,0.008575,0.00907,0.004536,0.00884,0.00916,0.007507,0.009445,0.004967,0.00849,0.00773,0.01021,0.0047,0.009125,0.00908,0.00925,0.008026,0.008575,0.00861,0.00457,0.00948,0.00905,0.00957,0.008415,0.0097,0.006653,0.007423,0.00519,0.00893,0.0098,0.00893,0.0096,0.009796,0.007423,0.00964,0.00928,0.003864,0.00916,0.01013,0.00849,0.004925,0.005047,0.0087,0.005066,0.00925
0.008995,0.00965,0.00956,0.00952,0.01009,0.00906,0.00911,0.006702,0.00972,0.00928,0.01012,0.008896,0.00958,0.0094,0.004745,0.007935,0.00786,0.00906,0.007484,0.00844,0.009315,0.007286,0.00813,0.00753,0.0097,0.006996,0.00848,0.006912,0.00932,0.006924,0.0094,0.009766,0.006653,0.00863,0.007717,0.00921,0.007793,0.00422,0.00936,0.00932,0.00893,0.00918,0.01009,0.009445,0.00954,0.00699,0.008736,0.00984,0.006363,0.00809,0.0079,0.00807,0.00871,0.00984,0.00818,0.00937,0.00895,0.00862,0.00786,0.00916,0.008896,0.00916,0.007935,0.003643,0.00807,0.00424,0.009766,0.007763,0.00834,0.007072,0.00864,0.007378,0.008965,0.00787,0.007793,0.008995,0.008545,0.009285,0.006702,0.00477,0.00809,0.00833,0.007072,0.007717,0.00823,0.00787,0.0097,0.00772,0.008736,0.00824,0.00871,0.003456,0.0079,0.00893,0.009285,0.007378,0.003765,0.006702,0.006702,0.003181
0.00809,0.007538,0.00934,0.00888,0.00851,0.007412,0.007706,0.007202,0.00861,0.008446,0.00874,0.00887,0.00936,0.008675,0.00657,0.007618,0.00408,0.00917,0.00841,0.00812,0.00925,0.008255,0.00869,0.00762,0.00922,0.00801,0.00889,0.00615,0.00897,0.007454,0.00922,0.00806,0.00872,0.00835,0.00787,0.006332,0.00911,0.00619,0.008545,0.00951,0.00832,0.00657,0.008896,0.006767,0.00826,0.00779,0.007706,0.0094,0.00835,0.00888,0.00853,0.00852,0.004272,0.00936,0.00635,0.008545,0.007614,0.007935,0.007935,0.00879,0.00871,0.004154,0.006783,0.005943,0.00871,0.006886,0.007545,0.008675,0.0069,0.007935,0.00882,0.00854,0.00887,0.00668,0.00345,0.00896,0.00872,0.008545,0.007706,0.00635,0.008224,0.007565,0.007454,0.003773,0.008255,0.00851,0.00911,0.006886,0.00792,0.00673,0.00809,0.007202,0.007618,0.00673,0.00835,0.007538,0.008446,0.007614,0.00427,0.006783
0.008484,0.007286,0.00794,0.00868,0.007698,0.00794,0.008125,0.007782,0.007965,0.0083,0.007275,0.00705,0.00901,0.00885,0.007607,0.00818,0.00721,0.00901,0.0079,0.007782,0.00876,0.007225,0.003756,0.008484,0.00905,0.00773,0.00817,0.006977,0.008835,0.00853,0.00842,0.007736,0.0075,0.00905,0.00691,0.00856,0.006752,0.00715,0.00776,0.00856,0.00734,0.00347,0.00853,0.00745,0.008484,0.007584,0.008354,0.00799,0.007538,0.0083,0.00792,0.007076,0.00649,0.009094,0.00814,0.003937,0.007355,0.00787,0.008385,0.00894,0.006294,0.00547,0.00745,0.007286,0.007755,0.007637,0.006905,0.004005,0.007965,0.00744,0.00827,0.00814,0.007053,0.00383,0.007076,0.00641,0.004192,0.00823,0.007584,0.007385,0.007404,0.0075,0.007607,0.00641,0.00818,0.00827,0.00776,0.00701,0.0079,0.00792,0.007736,0.007515,0.00812,0.003677,0.00823,0.007275,0.007637,0.00705,0.006905,0.003527
0.00879,0.00815,0.00789,0.00818,0.00782,0.00372,0.007767,0.00861,0.007294,0.007675,0.006622,0.007736,0.00802,0.008224,0.003998,0.00804,0.00827,0.007244,0.00836,0.007835,0.007732,0.007595,0.007244,0.00824,0.00836,0.00686,0.007214,0.00631,0.00741,0.00759,0.00746,0.00671,0.007687,0.00827,0.003586,0.00806,0.00766,0.003847,0.007267,0.006485,0.00727,0.007187,0.0077,0.00772,0.007553,0.00759,0.007545,0.0075,0.005867,0.00631,0.007553,0.00727,0.007393,0.00838,0.00702,0.00697,0.007496,0.00756,0.0078,0.005978,0.00718,0.004574,0.007664,0.005928,0.006042,0.003767,0.00704,0.006634,0.007484,0.00798,0.00759,0.007835,0.007664,0.00605,0.007698,0.00701,0.006485,0.006622,0.00807,0.0078,0.007545,0.0076,0.007736,0.00671,0.00821,0.00757,0.00818,0.007732,0.00697,0.00757,0.007698,0.007267,0.005543,0.006763,0.007484,0.003796,0.007736,0.006226,0.006226,0.002989
0.00815,0.00392,0.006226,0.00659,0.007545,0.00682,0.00791,0.00818,0.006927,0.00682,0.007263,0.006985,0.007515,0.00398,0.00551,0.00396,0.00693,0.005825,0.00406,0.00775,0.00771,0.007835,0.00706,0.007904,0.007244,0.006657,0.005505,0.007263,0.00644,0.007744,0.005405,0.003658,0.007668,0.00716,0.002644,0.007744,0.007553,0.005474,0.00741,0.005,0.00521,0.00592,0.00398,0.00771,0.006508,0.007904,0.005363,0.006992,0.007153,0.00724,0.00644,0.007626,0.00709,0.00769,0.0065,0.0066,0.005,0.007565,0.003788,0.005516,0.00316,0.006916,0.007244,0.00714,0.006508,0.0073,0.005943,0.006615,0.00748,0.005394,0.00765,0.005825,0.00714,0.006226,0.007652,0.007698,0.00662,0.006927,0.00724,0.007565,0.00608,0.00655,0.00676,0.007446,0.005943,0.00706,0.007553,0.007652,0.00676,0.0073,0.00748,0.007668,0.006783,0.00693,0.003391,0.00551,0.003328,0.005516,0.00709,0.00521
0.00677,0.005363,0.006275,0.006042,0.00659,0.007366,0.003777,0.00567,0.00319,0.007034,0.007034,0.007233,0.006233,0.00586,0.006447,0.00476,0.005013,0.00508,0.005733,0.006245,0.007225,0.00716,0.003578,0.007072,0.006424,0.00747,0.00656,0.00743,0.006355,0.00692,0.005234,0.005608,0.007187,0.007004,0.00476,0.007553,0.007545,0.005238,0.00625,0.006344,0.006607,0.004646,0.005867,0.006897,0.00644,0.006866,0.005962,0.006783,0.007195,0.007004,0.007057,0.006775,0.007004,0.00701,0.00655,0.00494,0.004982,0.00692,0.005234,0.00614,0.006565,0.006447,0.005108,0.006176,0.006943,0.006107,0.005108,0.0048,0.006638,0.005867,0.006344,0.006424,0.00673,0.005585,0.007233,0.007683,0.00644,0.005013,0.007164,0.006943,0.006565,0.00716,0.006355,0.007454,0.00506,0.006638,0.006107,0.007454,0.007225,0.007057,0.00614,0.00747,0.00701,0.006866,0.006042,0.005363,0.00659,0.00508,0.007187,0.00625
0.00711,0.006233,0.006283,0.006294,0.007057,0.006622,0.005806,0.006153,0.005035,0.006268,0.00679,0.00614,0.006107,0.005554,0.005005,0.005898,0.005577,0.005836,0.006172,0.006397,0.005943,0.006622,0.005005,0.006855,0.00699,0.006348,0.006783,0.007027,0.006096,0.006172,0.005615,0.006493,0.006725,0.006603,0.006264,0.0065,0.00672,0.005924,0.00641,0.002909,0.005573,0.00619,0.006546,0.005848,0.006855,0.00672,0.004776,0.0058,0.00711,0.006348,0.006535,0.003328,0.00646,0.006477,0.003054,0.00666,0.00637,0.00679,0.00545,0.006477,0.00518,0.006535,0.005997,0.006603,0.006294,0.00655,0.006435,0.006058,0.006477,0.006294,0.006348,0.005997,0.006546,0.00518,0.006264,0.00646,0.00663,0.006268,0.003302,0.007034,0.006233,0.006718,0.006012,0.006516,0.005035,0.006477,0.005806,0.00495,0.00619,0.006718,0.006516,0.007034,0.00666,0.00495,0.006725,0.005898,0.00607,0.005943,0.006283,0.005924
0.00625,0.005646,0.00614,0.005737,0.005054,0.004585,0.006298,0.006012,0.006363,0.00624,0.006535,0.006012,0.006203,0.00617,0.005898,0.006207,0.00592,0.006023,0.006104,0.006474,0.0056,0.00642,0.006317,0.0066,0.006508,0.004627,0.00612,0.00642,0.005653,0.006012,0.00637,0.005997,0.006462,0.0063,0.006386,0.006535,0.006264,0.00464,0.00435,0.00537,0.00616,0.00593,0.006374,0.00617,0.00563,0.004524,0.002645,0.004524,0.006706,0.00312,0.006317,0.00474,0.003231,0.004696,0.00578,0.004547,0.006424,0.004612,0.005592,0.00547,0.006104,0.003162,0.006218,0.00232,0.005516,0.006058,0.004883,0.00468,0.006493,0.005898,0.005836,0.006424,0.00575,0.005936,0.006023,0.006363,0.00637,0.004547,0.00596,0.006042,0.0064,0.006233,0.005997,0.006348,0.00435,0.006386,0.00617,0.00614,0.006374,0.005653,0.00614,0.004883,0.0064,0.00596,0.0066,0.0063,0.00616,0.005836,0.00596,0.005646
0.006294,0.004494,0.00599,0.005814,0.005867,0.005707,0.00595,0.00591,0.00546,0.004616,0.00483,0.00561,0.005398,0.006027,0.005123,0.004513,0.005222,0.005867,0.003132,0.0064,0.00431,0.005478,0.005844,0.006325,0.00629,0.00599,0.005295,0.00593,0.00509,0.00557,0.006256,0.005905,0.00569,0.005398,0.006496,0.00593,0.006325,0.005127,0.0057,0.005543,0.005493,0.005875,0.00582,0.00544,0.005325,0.005646,0.002176,0.00509,0.0061,0.006325,0.00642,0.005543,0.00544,0.00495,0.00307,0.00495,0.006294,0.00529,0.00508,0.00593,0.0057,0.00307,0.005867,0.003986,0.00529,0.00546,0.005642,0.005844,0.004623,0.0055,0.0061,0.005516,0.005867,0.00591,0.00544,0.00544,0.004696,0.004696,0.00599,0.004616,0.005325,0.005875,0.0055,0.005707,0.00495,0.00592,0.006294,0.00444,0.00444,0.00495,0.004513,0.005264,0.00596,0.00569,0.002312,0.00464,0.00599,0.002647,0.00561,0.00593
0.005196,0.00538,0.0051,0.00568,0.005875,0.00516,0.005676,0.004177,0.005856,0.005066,0.00538,0.005394,0.0054,0.00544,0.005913,0.00448,0.005943,0.005913,0.00441,0.00551,0.004917,0.00547,0.00557,0.006096,0.005806,0.005733,0.004967,0.005577,0.00545,0.004177,0.0059,0.004276,0.004814,0.005005,0.002842,0.005913,0.005905,0.005398,0.005875,0.005398,0.005363,0.005386,0.005928,0.004913,0.005157,0.00538,0.00509,0.005432,0.005768,0.005997,0.003048,0.0059,0.00431,0.005157,0.0051,0.005196,0.005432,0.005836,0.00572,0.00547,0.005314,0.004192,0.002693,0.005238,0.005363,0.005432,0.00522,0.005554,0.003769,0.005226,0.00534,0.004814,0.005928,0.00592,0.00496,0.00568,0.00534,0.00496,0.005547,0.005486,0.002789,0.005394,0.00447,0.00509,0.005005,0.005455,0.00572,0.0051,0.005363,0.00553,0.00539,0.00539,0.005238,0.004913,0.00402,0.00551,0.00431,0.00402,0.005226,0.005733
0.005043,0.005573,0.005356,0.00431,0.00482,0.004288,0.00485,0.004745,0.005142,0.005497,0.004448,0.005493,0.002691,0.004887,0.004242,0.004654,0.005215,0.0055,0.004707,0.005024,0.004066,0.00566,0.00502,0.00548,0.004837,0.005516,0.004715,0.00538,0.004883,0.003435,0.00575,0.005295,0.003944,0.00269,0.003538,0.005875,0.005913,0.00508,0.00569,0.005516,0.005302,0.005356,0.00468,0.005447,0.005363,0.005547,0.00448,0.0052,0.005394,0.005447,0.00431,0.0056,0.00521,0.005047,0.005264,0.004765,0.00548,0.005547,0.00519,0.00541,0.00482,0.004242,0.004364,0.005142,0.005386,0.002632,0.0055,0.005386,0.004868,0.005226,0.002512,0.004765,0.00522,0.002647,0.005302,0.005547,0.00476,0.004066,0.0055,0.005363,0.00519,0.004025,0.0052,0.00521,0.00508,0.005383,0.005455,0.005215,0.003944,0.004887,0.005493,0.005424,0.005302,0.00476,0.004448,0.005383,0.00482,0.00224,0.005547,0.00569
0.005207,0.005394,0.003653,0.003967,0.005016,0.00467,0.00503,0.00255,0.005318,0.00409,0.0041,0.00484,0.005047,0.004787,0.00522,0.0041,0.00473,0.004486,0.005035,0.004494,0.00224,0.00537,0.00496,0.00254,0.004963,0.00541,0.00506,0.005478,0.00495,0.005127,0.003235,0.00535,0.004574,0.004272,0.00479,0.00422,0.004574,0.00502,0.005524,0.004906,0.00527,0.004307,0.004623,0.004555,0.00543,0.00374,0.004982,0.005238,0.004963,0.005478,0.00476,0.004772,0.00489,0.00418,0.00511,0.005203,0.005184,0.005337,0.00458,0.00466,0.005104,0.005096,0.002108,0.005203,0.005074,0.00401,0.00547,0.004547,0.005127,0.002605,0.004154,0.005238,0.00494,0.004486,0.004692,0.00477,0.004494,0.00418,0.00522,0.00541,0.004547,0.00409,0.00511,0.002396,0.00458,0.005173,0.005173,0.005184,0.004772,0.004272,0.00527,0.005093,0.002674,0.00495,0.004623,0.003653,0.004307,0.00374,0.00506,0.005394
0.00461,0.0042,0.0042,0.004463,0.004734,0.00425,0.00517,0.00415,0.00525,0.00459,0.004658,0.004166,0.003502,0.004684,0.00257,0.00415,0.00528,0.004623,0.003906,0.00374,0.004486,0.001953,0.004456,0.003544,0.00485,0.00534,0.004414,0.00515,0.00452,0.005257,0.004005,0.005257,0.00383,0.00411,0.002346,0.00395,0.00495,0.004856,0.004826,0.004898,0.004784,0.004623,0.00435,0.004494,0.00528,0.00448,0.004456,0.002392,0.004993,0.00525,0.00451,0.004486,0.004623,0.00439,0.00526,0.004265,0.00374,0.00489,0.00464,0.003553,0.004616,0.00505,0.003464,0.00505,0.004715,0.003553,0.00515,0.004646,0.004658,0.003035,0.004528,0.004166,0.00439,0.003532,0.003532,0.004646,0.004494,0.00489,0.00459,0.005234,0.004265,0.004707,0.004616,0.00425,0.002312,0.005043,0.00464,0.00485,0.00451,0.004654,0.004654,0.005043,0.003502,0.003078,0.00493,0.003235,0.00435,0.002228,0.004684,0.003235
0.004436,0.002113,0.004402,0.004715,0.004635,0.00447,0.004856,0.0047,0.00492,0.004738,0.00454,0.00424,0.00465,0.004982,0.003479,0.004486,0.004734,0.00448,0.003765,0.00415,0.00421,0.00315,0.003822,0.004143,0.004105,0.004128,0.004684,0.004944,0.004208,0.004856,0.003195,0.004917,0.002153,0.004807,0.003492,0.001585,0.004333,0.004208,0.00477,0.00472,0.00421,0.004944,0.003765,0.003998,0.004917,0.004414,0.004143,0.003906,0.004864,0.004864,0.003983,0.004066,0.00459,0.004402,0.003584,0.003523,0.004654,0.004784,0.00448,0.003847,0.004883,0.004143,0.004482,0.002426,0.004074,0.004807,0.004684,0.0044,0.002142,0.00424,0.002584,0.00402,0.002857,0.003887,0.003822,0.004333,0.00472,0.004967,0.004635,0.00465,0.00448,0.004684,0.003925,0.004734,0.002584,0.004715,0.003998,0.0046,0.00459,0.004482,0.004765,0.004765,0.003866,0.003887,0.002071,0.003847,0.0046,0.003195,0.004684,0.004074
0.004005,0.003727,0.004128,0.00448,0.004723,0.00403,0.00338,0.00444,0.004616,0.00439,0.0022,0.004173,0.004585,0.003342,0.004143,0.004494,0.004753,0.002464,0.00412,0.004147,0.004433,0.003893,0.004185,0.004395,0.00419,0.003975,0.003702,0.004814,0.002598,0.002146,0.00367,0.00383,0.00338,0.004253,0.00393,0.002464,0.00435,0.004326,0.00364,0.002174,0.004555,0.00391,0.002918,0.00444,0.003967,0.00416,0.00391,0.00393,0.003723,0.00463,0.00422,0.004192,0.004574,0.004395,0.004375,0.004063,0.004574,0.004734,0.004257,0.00413,0.00446,0.002907,0.004185,0.002365,0.00296,0.004375,0.004616,0.004425,0.003628,0.00439,0.004013,0.00431,0.001299,0.004547,0.003967,0.00431,0.00425,0.00484,0.004375,0.00419,0.00349,0.004433,0.004128,0.004517,0.00296,0.004547,0.00425,0.00435,0.00383,0.00464,0.002066,0.00464,0.003857,0.00422,0.003994,0.004173,0.003994,0.003101,0.004257,0.003702
0.004425,0.003847,0.004555,0.00421,0.004356,0.002106,0.003782,0.004288,0.00219,0.0044,0.00233,0.00425,0.004314,0.004154,0.003876,0.004616,0.004337,0.002834,0.004047,0.002077,0.003197,0.00298,0.004166,0.00237,0.00409,0.003864,0.00419,0.004593,0.00237,0.001598,0.00382,0.003902,0.002872,0.004448,0.004135,0.003864,0.004166,0.004105,0.003025,0.001513,0.00372,0.00422,0.004166,0.003998,0.003899,0.004295,0.00431,0.004036,0.003868,0.004295,0.004116,0.004322,0.00431,0.00421,0.00437,0.003843,0.00214,0.004387,0.003565,0.00408,0.00419,0.003784,0.004066,0.003815,0.003784,0.003855,0.002811,0.004307,0.003794,0.00437,0.00421,0.0044,0.002811,0.004196,0.00382,0.004322,0.00421,0.003628,0.003902,0.003864,0.003578,0.004337,0.003696,0.003868,0.002691,0.00399,0.003815,0.004105,0.00408,0.00415,0.002834,0.004135,0.004196,0.002096,0.004074,0.00399,0.00422,0.004135,0.004135,0.003578
0.00432,0.00371,0.00422,0.004166,0.004356,0.00312,0.003855,0.003744,0.002707,0.003773,0.002583,0.001957,0.00412,0.002789,0.004005,0.00422,0.004017,0.0036,0.003937,0.002346,0.003786,0.003876,0.003517,0.00374,0.00421,0.003178,0.003452,0.004402,0.002707,0.002882,0.0034,0.004128,0.002985,0.004272,0.00208,0.00383,0.00359,0.00364,0.003204,0.002346,0.003895,0.003855,0.00376,0.003885,0.001872,0.002026,0.00422,0.003067,0.003944,0.00401,0.00406,0.004257,0.003807,0.00375,0.004196,0.001947,0.002762,0.004272,0.003956,0.00396,0.003956,0.00401,0.00376,0.00402,0.003529,0.00412,0.003792,0.003777,0.00402,0.00438,0.00381,0.003517,0.003511,0.004257,0.003325,0.003807,0.00403,0.003796,0.003653,0.003859,0.00203,0.002985,0.004135,0.003876,0.00405,0.004166,0.00367,0.001896,0.0036,0.00367,0.001394,0.003975,0.00405,0.00364,0.004135,0.004097,0.00374,0.00371,0.003325,0.003796
0.00402,0.003445,0.00399,0.004322,0.004192,0.003576,0.003685,0.003685,0.003054,0.003864,0.003292,0.00307,0.003815,0.003748,0.004112,0.003464,0.002924,0.00288,0.002079,0.003258,0.003937,0.003822,0.00392,0.003717,0.003902,0.003786,0.002438,0.004223,0.003384,0.003132,0.002907,0.003822,0.001642,0.002037,0.00334,0.002663,0.001638,0.001899,0.003292,0.003685,0.003937,0.003464,0.001788,0.003674,0.001638,0.003756,0.003452,0.003586,0.00359,0.003277,0.002663,0.00418,0.003761,0.003792,0.003883,0.002808,0.003304,0.00316,0.003792,0.003895,0.003521,0.003553,0.003223,0.00402,0.00366,0.003756,0.003775,0.003685,0.003317,0.003857,0.003792,0.003548,0.003685,0.003273,0.0017395,0.003584,0.001965,0.003792,0.0017605,0.003258,0.003572,0.003452,0.003742,0.00183,0.003868,0.003304,0.003302,0.00288,0.003744,0.003866,0.002438,0.003653,0.003857,0.001933,0.003883,0.003653,0.00359,0.00334,0.003584,0.003742
0.003029,0.003717,0.003897,0.003475,0.00293,0.003614,0.003628,0.003582,0.002874,0.004128,0.002989,0.00369,0.00298,0.002811,0.00354,0.00366,0.003468,0.003258,0.002758,0.002554,0.003483,0.002457,0.003696,0.003529,0.003683,0.003506,0.00354,0.00344,0.003521,0.003462,0.003416,0.003647,0.00307,0.003637,0.002914,0.00326,0.002478,0.002787,0.003296,0.003574,0.003334,0.003683,0.002771,0.003643,0.001076,0.003677,0.003622,0.003727,0.00357,0.00326,0.002874,0.00338,0.002682,0.003654,0.003716,0.003334,0.002771,0.002436,0.003033,0.003395,0.003164,0.001741,0.003565,0.00326,0.001734,0.003544,0.002853,0.00369,0.002457,0.003258,0.003729,0.00357,0.003654,0.003466,0.003164,0.003334,0.0012045,0.003603,0.003277,0.003416,0.001764,0.00298,0.003582,0.00293,0.002926,0.003471,0.003424,0.00131,0.003735,0.002682,0.003033,0.002914,0.00307,0.002926,0.003729,0.003643,0.003506,0.003471,0.002989,0.003277
0.003155,0.003675,0.003689,0.00232,0.002954,0.003593,0.003677,0.003443,0.002903,0.003891,0.00319,0.003393,0.001677,0.003088,0.00349,0.0027,0.0034,0.003456,0.00161,0.002144,0.003254,0.002918,0.002815,0.003374,0.00343,0.00272,0.003592,0.003412,0.003334,0.00333,0.00323,0.00328,0.003296,0.003296,0.002338,0.003248,0.00109,0.002335,0.003502,0.00233,0.003061,0.003632,0.003529,0.003513,0.002926,0.003248,0.003155,0.003223,0.003212,0.003086,0.00284,0.003098,0.003075,0.003675,0.002241,0.001764,0.003254,0.002605,0.003225,0.003223,0.003098,0.003109,0.003468,0.003445,0.002815,0.003262,0.003235,0.003235,0.002747,0.003475,0.001757,0.001624,0.003202,0.003393,0.00338,0.003523,0.002241,0.001303,0.003181,0.003456,0.00272,0.003262,0.003468,0.003202,0.00233,0.003334,0.00319,0.002901,0.00328,0.001531,0.003181,0.00232,0.002926,0.003086,0.002918,0.003529,0.00338,0.00323,0.003181,0.003181
0.003204,0.003202,0.002728,0.002579,0.002975,0.001731,0.00267,0.003273,0.003035,0.003485,0.002874,0.00291,0.002827,0.002739,0.003351,0.002804,0.00279,0.00331,0.001955,0.002602,0.003145,0.003216,0.00234,0.003208,0.003223,0.003254,0.003124,0.00288,0.003315,0.003403,0.003202,0.002756,0.00322,0.003178,0.00291,0.003357,0.0009627,0.002876,0.003178,0.002993,0.00269,0.003359,0.003296,0.002617,0.002926,0.003202,0.003178,0.00307,0.002827,0.002445,0.003124,0.003296,0.003202,0.002945,0.00238,0.002743,0.002804,0.002838,0.002575,0.002777,0.003061,0.003208,0.003107,0.003233,0.0027,0.001636,0.003105,0.003233,0.00305,0.003141,0.00224,0.002474,0.002953,0.00234,0.003273,0.002945,0.002739,0.001211,0.003363,0.003216,0.002756,0.003174,0.003197,0.002874,0.001573,0.002764,0.002808,0.002743,0.003357,0.003223,0.003178,0.002764,0.00304,0.00224,0.00288,0.003363,0.00304,0.00322,0.00279,0.003202
0.003128,0.003206,0.002441,0.002937,0.002417,0.002554,0.002663,0.003174,0.003063,0.002834,0.003036,0.002558,0.002756,0.00274,0.003048,0.002922,0.003035,0.00283,0.002007,0.002758,0.00304,0.002953,0.002798,0.003252,0.002834,0.002466,0.003014,0.00281,0.00313,0.00283,0.003166,0.002834,0.002756,0.003025,0.002932,0.00328,0.002142,0.003021,0.002758,0.002869,0.002758,0.003124,0.003033,0.002743,0.00302,0.001396,0.003014,0.003014,0.003183,0.002884,0.002956,0.00302,0.001464,0.003117,0.003014,0.003101,0.002981,0.001404,0.002766,0.002872,0.002909,0.002798,0.00302,0.003136,0.003128,0.002142,0.003124,0.001507,0.003023,0.002934,0.002554,0.002804,0.003033,0.002975,0.00309,0.002823,0.002417,0.001841,0.003101,0.0032,0.002884,0.003014,0.002975,0.001233,0.002007,0.002981,0.003124,0.003025,0.00281,0.002872,0.003023,0.002804,0.00304,0.002663,0.003052,0.00309,0.00302,0.003035,0.002766,0.003052
0.002998,0.002808,0.002874,0.002857,0.002943,0.002789,0.002697,0.0031,0.00291,0.002926,0.002943,0.00284,0.002895,0.003014,0.00294,0.003052,0.002901,0.002449,0.00281,0.002668,0.002914,0.00216,0.002016,0.002323,0.002823,0.002502,0.001984,0.003021,0.003052,0.0029,0.003098,0.002647,0.002907,0.002306,0.002588,0.002934,0.002441,0.002079,0.002844,0.002724,0.0028,0.003113,0.002968,0.002708,0.002785,0.002872,0.002888,0.002909,0.002743,0.002148,0.002914,0.002949,0.001984,0.00291,0.002476,0.002853,0.002934,0.002213,0.002886,0.002909,0.002449,0.002724,0.002209,0.002647,0.002953,0.002596,0.001153,0.002079,0.00222,0.002209,0.002697,0.002901,0.003061,0.0031,0.002872,0.002785,0.002588,0.002571,0.003021,0.0031,0.002743,0.002808,0.002844,0.00251,0.002403,0.002949,0.002182,0.00222,0.002148,0.002644,0.00251,0.001404,0.00281,0.00281,0.00301,0.002596,0.002644,0.002968,0.002668,0.001453
0.00282,0.00173,0.002857,0.002438,0.002625,0.002766,0.002752,0.00262,0.002533,0.002718,0.002197,0.002834,0.002731,0.002827,0.002829,0.0021,0.002853,0.001926,0.002728,0.002735,0.002913,0.002634,0.002542,0.002655,0.00277,0.002312,0.002497,0.002968,0.00277,0.002695,0.00299,0.002735,0.001425,0.002605,0.00131,0.002663,0.00272,0.002146,0.002497,0.00282,0.0027,0.002796,0.00277,0.002577,0.002762,0.002851,0.002655,0.00253,0.002663,0.002184,0.002655,0.001432,0.00173,0.003014,0.002277,0.00282,0.001408,0.00253,0.002764,0.00272,0.00266,0.002752,0.001413,0.00282,0.002823,0.00272,0.002377,0.002548,0.002748,0.002497,0.002796,0.002548,0.002047,0.002377,0.00282,0.002342,0.002842,0.00256,0.002186,0.002674,0.002829,0.002768,0.00105,0.002834,0.002144,0.002842,0.00277,0.002527,0.002695,0.002047,0.002342,0.002312,0.002674,0.001411,0.002636,0.001382,0.002766,0.002577,0.00135,0.002548
0.002598,0.002314,0.002613,0.0019245,0.002695,0.002758,0.0028,0.00272,0.002422,0.00263,0.002754,0.002777,0.001925,0.002375,0.00274,0.002308,0.002728,0.002264,0.002748,0.002687,0.002672,0.002684,0.002674,0.00224,0.002026,0.002375,0.002312,0.002842,0.0028,0.002548,0.001377,0.002022,0.002071,0.001354,0.002565,0.002502,0.002396,0.002518,0.001965,0.002783,0.002691,0.002735,0.00254,0.002617,0.00266,0.002026,0.002407,0.002539,0.002647,0.002556,0.00276,0.00211,0.001982,0.001363,0.002426,0.002726,0.002396,0.002422,0.002726,0.002203,0.002728,0.00272,0.001633,0.002565,0.002422,0.002449,0.002407,0.001643,0.001972,0.00253,0.002491,0.002518,0.00224,0.002476,0.002783,0.00254,0.002668,0.00211,0.002481,0.00266,0.002714,0.002783,0.001999,0.00265,0.002052,0.002714,0.002264,0.00248,0.002672,0.002548,0.002598,0.001643,0.001925,0.002203,0.002476,0.000986,0.002684,0.00274,0.001982,0.001154
0.002558,0.001268,0.00258,0.002186,0.002468,0.002708,0.002668,0.002464,0.002373,0.002316,0.002087,0.002571,0.002325,0.002344,0.001229,0.002676,0.00267,0.002228,0.001857,0.002619,0.002594,0.002323,0.002556,0.00237,0.002102,0.002531,0.001828,0.002575,0.00249,0.002346,0.0016985,0.002346,0.002323,0.001666,0.002651,0.002424,0.002377,0.002441,0.002398,0.00266,0.002739,0.002619,0.002571,0.00267,0.002586,0.00216,0.0008817,0.001898,0.00231,0.002277,0.00251,0.00251,0.002571,0.001229,0.002346,0.0023,0.002611,0.002398,0.002441,0.002485,0.002638,0.00263,0.002184,0.002506,0.002178,0.002485,0.002388,0.000991,0.002377,0.001828,0.002636,0.002209,0.002268,0.002552,0.002419,0.002625,0.002342,0.001161,0.002449,0.002583,0.002344,0.00206,0.00237,0.002556,0.002184,0.001173,0.0016985,0.002531,0.002625,0.002295,0.002295,0.001776,0.00206,0.002087,0.002575,0.002316,0.002209,0.002611,0.001093,0.001666
0.00233,0.001755,0.002384,0.002264,0.002392,0.002575,0.002506,0.002407,0.002485,0.002419,0.002335,0.001303,0.00215,0.002283,0.001995,0.00259,0.002369,0.002064,0.002266,0.002583,0.0026,0.00237,0.002522,0.002094,0.002537,0.002262,0.002003,0.002563,0.002117,0.0024,0.002089,0.002539,0.002306,0.0018635,0.002226,0.002535,0.001251,0.00247,0.00213,0.002464,0.001783,0.001856,0.002216,0.001267,0.00247,0.002266,0.001703,0.001738,0.002369,0.002363,0.002542,0.002392,0.002575,0.001738,0.001806,0.0017395,0.001243,0.002365,0.002453,0.002407,0.002594,0.002453,0.00187,0.002506,0.002182,0.001806,0.001762,0.001783,0.002228,0.00215,0.002525,0.002151,0.002445,0.002277,0.001162,0.001419,0.002464,0.001741,0.002094,0.002392,0.00223,0.001995,0.002087,0.001268,0.002384,0.001744,0.002182,0.002117,0.002583,0.0017395,0.002018,0.001009,0.002216,0.001114,0.002525,0.001762,0.00215,0.002151,0.001419,0.002087
0.001944,0.001959,0.002283,0.002426,0.002426,0.0024,0.00202,0.00213,0.00201,0.001718,0.0023,0.001889,0.002203,0.002329,0.002354,0.002424,0.002453,0.00198,0.00217,0.001991,0.001904,0.00241,0.002392,0.00217,0.002464,0.002438,0.001801,0.001949,0.00217,0.002396,0.00228,0.002354,0.002197,0.001867,0.002302,0.002151,0.00173,0.002203,0.002193,0.002102,0.001653,0.002144,0.001513,0.001991,0.002087,0.002495,0.001904,0.001916,0.001196,0.001065,0.002426,0.001738,0.00238,0.002134,0.001784,0.002085,0.001513,0.002008,0.002464,0.002085,0.001715,0.00181,0.001883,0.00228,0.002043,0.001612,0.002031,0.000806,0.002352,0.002281,0.001275,0.0022,0.001995,0.002254,0.001948,0.0019045,0.002422,0.001938,0.002031,0.0023,0.002329,0.001949,0.002197,0.001718,0.002424,0.001883,0.001715,0.002193,0.0024,0.00201,0.000998,0.001959,0.001944,0.002203,0.00238,0.00198,0.001801,0.001694,0.001738,0.001948
0.002106,0.002254,0.002039,0.002235,0.001968,0.001905,0.002235,0.001833,0.0018635,0.001927,0.002335,0.0019245,0.002258,0.002378,0.001959,0.002068,0.002073,0.002079,0.00214,0.002035,0.001581,0.002052,0.002335,0.00151,0.002384,0.002213,0.001686,0.002132,0.001734,0.002344,0.002205,0.001689,0.001855,0.001917,0.002047,0.002096,0.0009146,0.002007,0.002146,0.001987,0.002161,0.002075,0.001959,0.002007,0.001762,0.002384,0.001656,0.002102,0.00209,0.001581,0.00217,0.00218,0.00218,0.001872,0.001889,0.00168,0.001946,0.001965,0.002087,0.001596,0.001901,0.00204,0.001762,0.002161,0.00214,0.001778,0.001837,0.001693,0.002274,0.001982,0.001942,0.001053,0.002047,0.002344,0.001819,0.001917,0.002161,0.002052,0.002014,0.002018,0.00225,0.002068,0.001942,0.001905,0.002342,0.001889,0.001656,0.002035,0.002325,0.001872,0.001987,0.002039,0.001959,0.002213,0.002102,0.002035,0.001926,0.002052,0.002079,0.00151
0.001965,0.002129,0.001711,0.002054,0.002077,0.001881,0.002241,0.001854,0.0009556,0.00181,0.002125,0.001854,0.002241,0.001819,0.001904,0.00214,0.001875,0.002083,0.002151,0.001438,0.001762,0.002117,0.00204,0.0016365,0.00227,0.002129,0.000907,0.002018,0.00203,0.002205,0.001984,0.001897,0.000959,0.001909,0.002083,0.001598,0.001488,0.001905,0.002048,0.001921,0.001879,0.002125,0.00209,0.001831,0.00203,0.002274,0.002007,0.001991,0.00203,0.001894,0.001359,0.002087,0.00211,0.002075,0.001921,0.0016575,0.001978,0.00209,0.00206,0.001483,0.001965,0.00197,0.001438,0.002174,0.001904,0.001862,0.0016575,0.001836,0.001648,0.001993,0.002077,0.001819,0.001459,0.00209,0.001953,0.00201,0.001598,0.00199,0.002058,0.00203,0.002037,0.001932,0.001648,0.002123,0.002125,0.00197,0.001711,0.002075,0.00227,0.002037,0.001493,0.001493,0.002083,0.001003,0.001905,0.001459,0.00199,0.002048,0.002048,0.002058
0.001982,0.002106,0.00192,0.001965,0.000993,0.001993,0.00192,0.002106,0.001742,0.001669,0.002014,0.001729,0.001882,0.001811,0.0019045,0.001993,0.00202,0.002012,0.001843,0.001867,0.00128,0.001991,0.001552,0.001942,0.002106,0.001878,0.00194,0.001757,0.002064,0.002018,0.00198,0.001944,0.001728,0.00213,0.002079,0.001823,0.001799,0.001308,0.001386,0.001892,0.002037,0.001814,0.00201,0.0009604,0.002075,0.001843,0.001505,0.001902,0.000971,0.001766,0.001886,0.00196,0.002045,0.001982,0.0008645,0.001698,0.001853,0.001394,0.0016575,0.001642,0.002012,0.001906,0.001724,0.001883,0.001856,0.001799,0.001757,0.001715,0.001666,0.001811,0.001982,0.001772,0.001755,0.001384,0.001902,0.001935,0.0016575,0.001892,0.001742,0.001982,0.00194,0.001386,0.001853,0.001006,0.001789,0.00198,0.001827,0.0008283,0.00213,0.001883,0.001898,0.001715,0.001906,0.001666,0.001882,0.001384,0.001823,0.001843,0.002064,0.002037
0.001976,0.002007,0.001794,0.002005,0.001449,0.001873,0.001936,0.001871,0.001444,0.001801,0.002039,0.001793,0.001444,0.001909,0.001705,0.001875,0.001703,0.001957,0.001856,0.001875,0.001801,0.001628,0.0017805,0.001768,0.001721,0.001928,0.001499,0.001766,0.001645,0.001808,0.001801,0.001953,0.001818,0.002033,0.001911,0.001827,0.001644,0.00122,0.001774,0.001867,0.0009623,0.0017805,0.001976,0.001492,0.002005,0.001791,0.001772,0.001842,0.001177,0.001804,0.0016775,0.00186,0.001871,0.00182,0.001345,0.001828,0.001764,0.001645,0.001304,0.001318,0.001828,0.00174,0.001827,0.00182,0.001913,0.001346,0.001764,0.001802,0.0016775,0.00164,0.001862,0.001509,0.001808,0.001509,0.001897,0.0009327,0.001826,0.001745,0.000814,0.001304,0.001968,0.00164,0.00186,0.001721,0.001794,0.001802,0.001873,0.001621,0.001499,0.001851,0.0019,0.001318,0.001936,0.001774,0.001444,0.001745,0.001377,0.001621,0.001377,0.001957
