0.796,0.4224,0.8955,0.6035,0.92,0.1543,0.3652,0.657,0.7354,0.84,0.7793,0.1394,0.0762,0.6445,0.2979,0.514,0.8027,0.11304,0.8784,0.7627,0.8413,0.8203,0.06714,0.3347,0.769,0.6743,0.5728,0.1791,0.5327,0.001007,0.1693,0.2412,0.8745,0.1388,0.7354,0.8027,0.797,0.2542,0.3652,0.1388,0.3337,0.9014,0.1414,0.1859,0.00483,0.2227,0.1693,0.591,0.7085,0.7505,0.657,0.432,0.1859,0.02937,0.1357,0.354,0.2396,0.1271,0.34,0.5527,0.11804,0.778,0.2559,0.5596,0.742,0.4302,0.769,0.4285,0.2559,0.4224,0.7085,0.7603,0.8745,0.0783,0.6743,0.842,0.11304,0.1566,0.3337,0.5527,0.391,0.903,0.608,0.833,0.88,0.675,0.5176,0.7603,0.1414,0.92,0.391,0.2047,0.4302,0.8784,0.565,0.9697,0.01595,0.11804,0.797,0.598
0.808,0.4224,0.7446,0.6597,0.92,0.1478,0.2417,0.657,0.743,0.8213,0.7183,0.1394,0.0762,0.698,0.2979,0.514,0.704,0.11304,0.8784,0.8477,0.8413,0.7246,0.06714,0.4263,0.7617,0.748,0.6484,0.198,0.5327,0.07117,0.1586,0.3828,0.7617,0.0694,0.7354,0.7256,0.7783,0.12256,0.465,0.1892,0.2461,0.9014,0.2461,0.09296,0.0171,0.1193,0.2351,0.4653,0.5654,0.802,0.7183,0.3184,0.198,0.0171,0.0679,0.4534,0.1892,0.1271,0.4595,0.8003,0.11816,0.752,0.1279,0.584,0.7446,0.4282,0.769,0.4285,0.2559,0.5654,0.698,0.6387,0.8745,0.0783,0.675,0.842,0.05847,0.0783,0.3337,0.4595,0.11755,0.903,0.584,0.833,0.8213,0.675,0.4282,0.874,0.07117,0.8003,0.391,0.3184,0.6387,0.802,0.3828,0.8477,0.11816,0.12256,0.797,0.7256
0.808,0.5605,0.771,0.667,0.92,0.0739,0.12085,0.6777,0.743,0.6934,0.7183,0.1655,0.205,0.5996,0.3633,0.5635,0.754,0.11304,0.8784,0.824,0.745,0.7607,0.06714,0.4263,0.6133,0.7285,0.754,0.10754,0.759,0.1345,0.1079,0.2573,0.7617,0.09106,0.741,0.7256,0.763,0.1131,0.2233,0.1892,0.3496,0.835,0.3372,0.09296,0.2573,0.11163,0.2861,0.5635,0.4316,0.705,0.589,0.3184,0.1345,0.0171,0.1131,0.3496,0.2275,0.06354,0.6943,0.6943,0.04553,0.752,0.1655,0.5996,0.71,0.2861,0.747,0.4285,0.3193,0.7285,0.5605,0.6987,0.7295,0.0783,0.71,0.842,0.06396,0.1079,0.205,0.4595,0.11755,0.6777,0.746,0.835,0.746,0.714,0.4282,0.874,0.07117,0.824,0.1375,0.3184,0.705,0.8374,0.3633,0.8477,0.11816,0.06128,0.741,0.747
0.808,0.6445,0.771,0.7324,0.92,0.03696,0.1178,0.6777,0.743,0.7236,0.575,0.1853,0.205,0.6387,0.3633,0.5635,0.814,0.06384,0.726,0.824,0.692,0.8193,0.03357,0.701,0.4194,0.6445,0.694,0.08563,0.744,0.1277,0.2224,0.2935,0.7334,0.1382,0.741,0.7812,0.755,0.05655,0.3257,0.116,0.4194,0.782,0.08923,0.09296,0.2573,0.11163,0.2861,0.6367,0.4473,0.633,0.6665,0.2235,0.1785,0.0651,0.0651,0.3496,0.1726,0.08563,0.6978,0.6943,0.04553,0.752,0.1655,0.633,0.658,0.2788,0.747,0.4194,0.4473,0.7285,0.633,0.7734,0.726,0.0783,0.6367,0.701,0.06396,0.0589,0.17,0.658,0.0863,0.692,0.746,0.6978,0.755,0.7324,0.2219,0.782,0.03192,0.7827,0.058,0.3184,0.7266,0.694,0.2935,0.7734,0.11096,0.085,0.7827,0.7236
0.752,0.698,0.6855,0.7324,0.92,0.1077,0.04083,0.7007,0.7783,0.6924,0.607,0.1892,0.06573,0.5835,0.3284,0.5366,0.7783,0.0997,0.7173,0.824,0.7114,0.8193,0.05594,0.698,0.3452,0.6567,0.7383,0.179,0.5835,0.1748,0.0895,0.2935,0.7334,0.1382,0.689,0.7197,0.7197,0.0517,0.1796,0.116,0.5366,0.782,0.07715,0.04648,0.3452,0.1421,0.2003,0.689,0.4473,0.6924,0.6553,0.2235,0.1077,0.0651,0.0814,0.2302,0.07104,0.08154,0.718,0.575,0.04077,0.752,0.1655,0.7207,0.6567,0.1892,0.7197,0.513,0.575,0.7285,0.6924,0.7734,0.726,0.05594,0.6855,0.718,0.07513,0.05725,0.10016,0.658,0.0517,0.692,0.714,0.699,0.755,0.7114,0.0874,0.782,0.1555,0.7383,0.1555,0.3184,0.709,0.694,0.3271,0.7734,0.2302,0.085,0.752,0.7197
0.6445,0.698,0.6787,0.6543,0.7695,0.05554,0.10315,0.7007,0.746,0.711,0.6543,0.1685,0.06573,0.5835,0.3284,0.6904,0.7783,0.0997,0.8184,0.824,0.7114,0.8193,0.12256,0.698,0.3452,0.6567,0.745,0.1271,0.6523,0.0874,0.196,0.3704,0.6895,0.12085,0.672,0.698,0.751,0.10364,0.1437,0.0514,0.615,0.751,0.1504,0.02182,0.2417,0.07104,0.2003,0.689,0.2366,0.6924,0.672,0.1504,0.1437,0.07947,0.04074,0.0842,0.1511,0.0815,0.688,0.6504,0.12134,0.7417,0.1511,0.72,0.6567,0.12256,0.7695,0.513,0.575,0.6973,0.7153,0.7734,0.6504,0.05594,0.698,0.681,0.1271,0.05554,0.10016,0.7344,0.0517,0.6953,0.746,0.6904,0.755,0.6953,0.0874,0.782,0.196,0.7417,0.05182,0.3184,0.709,0.6523,0.12134,0.7344,0.2302,0.07947,0.736,0.7153
0.5073,0.698,0.71,0.669,0.71,0.02684,0.05157,0.76,0.764,0.6914,0.709,0.0842,0.06836,0.6934,0.1921,0.737,0.697,0.1105,0.6914,0.824,0.706,0.7676,0.12256,0.698,0.1633,0.6567,0.7217,0.1633,0.671,0.04172,0.196,0.6084,0.712,0.06042,0.672,0.6963,0.751,0.167,0.0958,0.0257,0.676,0.723,0.11694,0.0472,0.12085,0.03418,0.2003,0.6714,0.2366,0.695,0.6963,0.0752,0.07184,0.11975,0.04074,0.0829,0.1511,0.0829,0.6816,0.6504,0.1587,0.7,0.08496,0.7266,0.669,0.0958,0.7188,0.513,0.575,0.706,0.7676,0.737,0.71,0.1921,0.705,0.7188,0.1271,0.05554,0.05008,0.712,0.0517,0.723,0.7266,0.6997,0.74,0.725,0.1731,0.6084,0.07935,0.74,0.2588,0.08655,0.6997,0.6523,0.1105,0.7344,0.04248,0.07947,0.736,0.6934
0.622,0.702,0.718,0.669,0.659,0.02684,0.02579,0.76,0.7363,0.7007,0.723,0.1006,0.06836,0.6934,0.1941,0.659,0.6465,0.1105,0.6914,0.824,0.701,0.732,0.10596,0.698,0.1633,0.664,0.731,0.12427,0.691,0.1006,0.1941,0.6084,0.712,0.1058,0.6797,0.732,0.6934,0.1267,0.08936,0.0257,0.689,0.723,0.0907,0.02243,0.12085,0.03418,0.10016,0.5923,0.1183,0.6973,0.7188,0.0752,0.07184,0.08075,0.02037,0.10596,0.08014,0.0814,0.659,0.673,0.1587,0.7,0.088,0.7246,0.669,0.11804,0.7188,0.6465,0.575,0.689,0.747,0.7275,0.7007,0.11804,0.7227,0.7275,0.12427,0.02777,0.05008,0.718,0.0517,0.7246,0.7188,0.6826,0.711,0.725,0.216,0.659,0.03967,0.712,0.216,0.101,0.711,0.673,0.0503,0.7344,0.101,0.0814,0.736,0.6973
0.622,0.698,0.682,0.6895,0.7417,0.0384,0.0807,0.7363,0.7095,0.6943,0.723,0.1006,0.125,0.7056,0.1221,0.68,0.682,0.1105,0.6904,0.699,0.68,0.702,0.0364,0.6562,0.0527,0.664,0.731,0.0921,0.691,0.1124,0.156,0.663,0.6895,0.0529,0.699,0.732,0.706,0.0785,0.1263,0.03662,0.698,0.717,0.0907,0.05157,0.03662,0.02112,0.10016,0.6562,0.0956,0.6973,0.7363,0.0478,0.07184,0.05157,0.01889,0.06586,0.03925,0.0407,0.692,0.713,0.1587,0.711,0.088,0.701,0.698,0.137,0.7095,0.699,0.575,0.689,0.713,0.7275,0.713,0.137,0.7227,0.698,0.1124,0.03778,0.0921,0.703,0.02585,0.711,0.6895,0.6895,0.703,0.725,0.108,0.6953,0.04034,0.712,0.125,0.101,0.6943,0.6953,0.0527,0.663,0.101,0.0814,0.736,0.6973
0.643,0.698,0.682,0.694,0.7275,0.0384,0.0807,0.7363,0.7095,0.6943,0.7295,0.1006,0.08215,0.694,0.0716,0.68,0.6885,0.1105,0.6904,0.671,0.695,0.703,0.0867,0.6636,0.05853,0.698,0.731,0.03625,0.7,0.0826,0.156,0.663,0.706,0.08026,0.701,0.6978,0.706,0.0785,0.1133,0.03662,0.635,0.7065,0.05853,0.0528,0.02805,0.0716,0.05664,0.6562,0.104,0.699,0.7246,0.1033,0.04535,0.0798,0.04535,0.0846,0.0834,0.0407,0.692,0.701,0.0834,0.703,0.04013,0.695,0.698,0.137,0.706,0.667,0.6963,0.6914,0.7246,0.717,0.7275,0.05627,0.7075,0.698,0.104,0.02805,0.07355,0.694,0.05627,0.711,0.693,0.701,0.699,0.7065,0.0528,0.693,0.04034,0.699,0.125,0.07355,0.6914,0.701,0.0413,0.6846,0.0505,0.0814,0.7295,0.6963
0.675,0.698,0.687,0.7,0.701,0.05597,0.05597,0.7197,0.7095,0.6943,0.7295,0.0503,0.08215,0.694,0.08777,0.701,0.6997,0.08215,0.6924,0.6826,0.6924,0.7007,0.08466,0.6885,0.05853,0.7007,0.716,0.05942,0.6904,0.05942,0.156,0.6943,0.706,0.08026,0.704,0.6978,0.675,0.07605,0.0484,0.05634,0.664,0.7,0.0845,0.03842,0.02737,0.05597,0.06433,0.6777,0.104,0.699,0.6934,0.1033,0.02217,0.08215,0.06836,0.0657,0.03622,0.01369,0.698,0.701,0.0381,0.7197,0.0484,0.6826,0.701,0.06836,0.706,0.667,0.6963,0.6914,0.6943,0.708,0.718,0.0461,0.718,0.716,0.0641,0.0404,0.05597,0.694,0.06433,0.7036,0.693,0.701,0.6904,0.6885,0.03357,0.6924,0.0461,0.708,0.04233,0.0657,0.6924,0.698,0.0381,0.6846,0.0505,0.06714,0.7036,0.6963
0.6865,0.699,0.703,0.6816,0.693,0.05597,0.0417,0.707,0.7095,0.6943,0.6963,0.0503,0.0791,0.707,0.08777,0.701,0.6953,0.0834,0.6836,0.702,0.704,0.702,0.0454,0.697,0.05853,0.7007,0.7065,0.05942,0.697,0.02971,0.05356,0.6997,0.6997,0.08026,0.704,0.701,0.6836,0.0791,0.0625,0.05634,0.695,0.699,0.05573,0.05188,0.0417,0.02798,0.03217,0.6777,0.104,0.694,0.693,0.0425,0.011086,0.08215,0.05972,0.0657,0.01811,0.04852,0.698,0.701,0.06155,0.702,0.0484,0.6826,0.697,0.03125,0.701,0.6807,0.6963,0.6973,0.697,0.704,0.7104,0.05573,0.7104,0.716,0.0511,0.03078,0.06082,0.6807,0.06433,0.6973,0.6934,0.704,0.6953,0.6943,0.03357,0.6934,0.05188,0.695,0.0454,0.06082,0.693,0.699,0.05972,0.693,0.05356,0.06714,0.702,0.702
0.6934,0.699,0.6934,0.6914,0.693,0.0657,0.0417,0.7114,0.708,0.6963,0.7,0.03912,0.06775,0.708,0.0658,0.701,0.703,0.0696,0.6953,0.702,0.696,0.693,0.0454,0.697,0.05273,0.696,0.701,0.0657,0.6987,0.02971,0.0572,0.698,0.6997,0.05396,0.704,0.6953,0.698,0.0791,0.0611,0.05304,0.7026,0.6973,0.05487,0.02594,0.0476,0.03912,0.0388,0.6777,0.052,0.6953,0.696,0.02126,0.011086,0.0653,0.0658,0.05838,0.05396,0.01994,0.6953,0.6934,0.06155,0.699,0.0653,0.688,0.6963,0.0399,0.701,0.6924,0.696,0.698,0.6934,0.704,0.703,0.05573,0.7026,0.6963,0.02919,0.01539,0.0524,0.69,0.06433,0.6953,0.6934,0.7,0.6973,0.7,0.01678,0.6924,0.02594,0.6953,0.0388,0.06082,0.6973,0.6963,0.03055,0.693,0.0524,0.02637,0.701,0.6973
0.6953,0.6987,0.6934,0.6914,0.693,0.0657,0.02084,0.704,0.708,0.704,0.7,0.03766,0.05005,0.708,0.03943,0.6997,0.6924,0.06116,0.6973,0.7,0.696,0.6943,0.03412,0.6953,0.06116,0.6953,0.698,0.033,0.6973,0.02971,0.0392,0.6973,0.698,0.05963,0.704,0.6973,0.7017,0.04953,0.05017,0.02652,0.7017,0.6953,0.0617,0.04922,0.0238,0.02882,0.0194,0.6777,0.05676,0.6943,0.696,0.05017,0.005543,0.05963,0.0658,0.05365,0.05396,0.04953,0.6953,0.6953,0.05676,0.6973,0.02281,0.6953,0.6963,0.03314,0.701,0.6924,0.6973,0.699,0.6953,0.704,0.703,0.04926,0.7026,0.6973,0.02919,0.02882,0.0524,0.6924,0.04922,0.6953,0.6963,0.7,0.6953,0.699,0.01971,0.6924,0.05365,0.6953,0.02502,0.02463,0.6973,0.6963,0.03055,0.6973,0.0524,0.033,0.698,0.6963
0.699,0.6963,0.695,0.6934,0.6855,0.03284,0.02368,0.699,0.7056,0.6997,0.6978,0.01883,0.05005,0.7,0.0481,0.6997,0.6953,0.04044,0.699,0.6987,0.6963,0.696,0.04144,0.6953,0.03058,0.6953,0.6963,0.03091,0.699,0.02971,0.03506,0.702,0.698,0.0568,0.6973,0.701,0.699,0.05316,0.05017,0.02841,0.7017,0.7,0.0617,0.04922,0.0119,0.03506,0.0343,0.6855,0.05023,0.6963,0.696,0.02509,0.005543,0.05963,0.04144,0.05365,0.0568,0.04953,0.6978,0.698,0.05316,0.6973,0.02281,0.6963,0.695,0.02841,0.7,0.6973,0.6978,0.696,0.698,0.698,0.7056,0.03714,0.699,0.6978,0.02919,0.03366,0.05023,0.6943,0.01715,0.6973,0.6978,0.699,0.6953,0.699,0.02022,0.696,0.02682,0.6963,0.03714,0.01926,0.6963,0.6963,0.015274,0.6963,0.01683,0.033,0.6943,0.6963
0.699,0.6963,0.6904,0.6973,0.6924,0.0377,0.02325,0.698,0.698,0.6997,0.6963,0.0432,0.0361,0.699,0.03168,0.6997,0.6963,0.013084,0.699,0.6973,0.6963,0.698,0.02072,0.698,0.0333,0.6963,0.695,0.02347,0.6973,0.014854,0.02158,0.698,0.698,0.0284,0.697,0.6997,0.6978,0.04303,0.0478,0.02841,0.7017,0.7,0.0217,0.03833,0.0191,0.03394,0.0343,0.6855,0.03424,0.698,0.6963,0.03333,0.0264,0.05823,0.0377,0.0454,0.05823,0.01666,0.698,0.698,0.0432,0.6963,0.0302,0.6978,0.695,0.0274,0.7,0.6973,0.6978,0.6978,0.698,0.6963,0.702,0.0302,0.6973,0.6978,0.0361,0.03366,0.0382,0.6973,0.01715,0.6973,0.6963,0.699,0.6973,0.699,0.01011,0.698,0.02682,0.697,0.0478,0.01926,0.6963,0.6963,0.011734,0.6963,0.01917,0.02158,0.698,0.6978
0.698,0.697,0.6904,0.698,0.6953,0.01884,0.02673,0.6978,0.698,0.6997,0.6963,0.0432,0.02763,0.6973,0.01625,0.6997,0.698,0.006542,0.6973,0.6997,0.6963,0.6973,0.02072,0.6997,0.03577,0.6973,0.6973,0.02042,0.6973,0.014854,0.01675,0.6978,0.698,0.02505,0.6973,0.698,0.698,0.03085,0.0478,0.02841,0.699,0.6997,0.02505,0.03833,0.02652,0.02316,0.02121,0.692,0.0271,0.6953,0.6953,0.0325,0.0132,0.04596,0.03085,0.0335,0.03754,0.0271,0.698,0.6973,0.0432,0.6963,0.0302,0.6978,0.6953,0.0274,0.699,0.6973,0.698,0.6978,0.698,0.6963,0.6997,0.01337,0.6987,0.698,0.02884,0.04596,0.03577,0.6973,0.01715,0.6973,0.6963,0.697,0.6973,0.6973,0.01011,0.698,0.02682,0.6953,0.0478,0.01648,0.6963,0.6973,0.01648,0.6973,0.02763,0.02884,0.6987,0.6978
0.699,0.697,0.695,0.698,0.6953,0.02194,0.01563,0.6978,0.6973,0.6987,0.6963,0.03705,0.01317,0.698,0.01625,0.698,0.6973,0.006542,0.6973,0.698,0.6963,0.6978,0.02072,0.6997,0.02306,0.6973,0.6973,0.02353,0.6973,0.01659,0.02179,0.6978,0.698,0.01973,0.6973,0.698,0.698,0.03085,0.0381,0.01904,0.6987,0.698,0.02634,0.01305,0.02652,0.01158,0.02686,0.692,0.03143,0.6953,0.6953,0.01572,0.0066,0.02298,0.03296,0.01842,0.03754,0.03003,0.6978,0.6973,0.0432,0.6963,0.0302,0.6987,0.6973,0.0274,0.6973,0.6978,0.698,0.6978,0.698,0.697,0.6997,0.01973,0.6973,0.697,0.02943,0.02353,0.03143,0.6973,0.01715,0.6973,0.6963,0.697,0.6963,0.6973,0.00829,0.698,0.02179,0.697,0.0478,0.007477,0.6973,0.698,0.01572,0.6973,0.02763,0.02943,0.698,0.6973
0.699,0.6973,0.697,0.698,0.6963,0.01303,0.02164,0.6978,0.697,0.6973,0.6973,0.03705,0.02187,0.698,0.01625,0.698,0.6973,0.02057,0.697,0.6973,0.697,0.6973,0.02339,0.699,0.02412,0.6978,0.6973,0.02353,0.6973,0.01659,0.010895,0.697,0.698,0.009865,0.6973,0.698,0.6973,0.03333,0.03333,0.00952,0.6987,0.6978,0.01654,0.01718,0.02652,0.0297,0.01206,0.692,0.03143,0.6973,0.6953,0.01572,0.02422,0.0232,0.02057,0.01842,0.02187,0.015015,0.6978,0.6973,0.0249,0.697,0.0232,0.6987,0.697,0.02228,0.697,0.6973,0.698,0.6973,0.6973,0.697,0.6973,0.009865,0.6973,0.697,0.01472,0.01211,0.03143,0.698,0.01114,0.6973,0.697,0.6973,0.6963,0.6973,0.00829,0.6978,0.02574,0.6973,0.02574,0.007477,0.6973,0.698,0.01572,0.6973,0.02164,0.01718,0.698,0.6978
0.698,0.6973,0.6973,0.698,0.697,0.006516,0.02164,0.6978,0.6973,0.6973,0.698,0.03705,0.01543,0.6987,0.01625,0.6973,0.6963,0.010284,0.697,0.6973,0.6973,0.6943,0.011696,0.698,0.02412,0.6973,0.6973,0.01049,0.697,0.01614,0.008194,0.698,0.6978,0.01654,0.6973,0.698,0.6978,0.01666,0.01413,0.015045,0.6973,0.6978,0.01654,0.01645,0.01819,0.01485,0.01206,0.6943,0.02324,0.6973,0.697,0.01313,0.01146,0.0232,0.01162,0.00921,0.00795,0.01337,0.698,0.6973,0.01245,0.6973,0.01413,0.698,0.6978,0.02686,0.6973,0.6973,0.698,0.6973,0.6973,0.6973,0.6973,0.006565,0.6973,0.6973,0.01472,0.006054,0.01343,0.698,0.01114,0.6973,0.6973,0.6973,0.6963,0.698,0.01337,0.6973,0.02574,0.6973,0.02574,0.003738,0.6973,0.6978,0.008224,0.6973,0.02292,0.00827,0.6973,0.6973
0.698,0.6978,0.6963,0.698,0.6973,0.006516,0.02164,0.6973,0.6973,0.696,0.6973,0.03705,0.01185,0.6973,0.01703,0.6973,0.697,0.010284,0.6973,0.6973,0.6973,0.6943,0.00983,0.698,0.0181,0.6973,0.6973,0.01337,0.6978,0.02094,0.00495,0.6973,0.6978,0.01259,0.6973,0.698,0.6978,0.02144,0.01413,0.007523,0.6973,0.6978,0.01654,0.01498,0.01578,0.01411,0.0181,0.6963,0.008514,0.6973,0.697,0.01117,0.01192,0.0232,0.0099,0.01259,0.01192,0.01578,0.6978,0.6973,0.01245,0.6973,0.00946,0.6978,0.6978,0.02686,0.6973,0.6973,0.6978,0.698,0.6973,0.6973,0.6973,0.01616,0.6973,0.6973,0.01404,0.006054,0.01343,0.6973,0.006897,0.6973,0.6973,0.6973,0.6973,0.6978,0.00702,0.6973,0.00749,0.6973,0.02094,0.001869,0.6973,0.6978,0.008224,0.6973,0.01072,0.00946,0.6973,0.6978
0.6978,0.6978,0.6963,0.698,0.6973,0.003258,0.02164,0.6973,0.6973,0.697,0.6973,0.02602,0.01045,0.6973,0.015564,0.6973,0.6963,0.005142,0.6973,0.6973,0.6973,0.6973,0.005886,0.6973,0.0181,0.6973,0.6973,0.01337,0.6978,0.01471,0.005924,0.6973,0.6978,0.006294,0.6973,0.6973,0.6978,0.01978,0.01413,0.003761,0.6973,0.6973,0.02127,0.02127,0.01578,0.007782,0.01978,0.6973,0.004257,0.6973,0.6973,0.01211,0.01192,0.0232,0.0099,0.00611,0.01211,0.0114,0.6978,0.6973,0.01245,0.6973,0.00946,0.6973,0.697,0.02686,0.6973,0.6973,0.6978,0.6973,0.6973,0.6973,0.6973,0.01616,0.6973,0.6973,0.01045,0.003027,0.00615,0.6973,0.00611,0.6973,0.6973,0.6973,0.6973,0.6973,0.0114,0.697,0.00424,0.6973,0.02094,0.005886,0.6973,0.6973,0.004112,0.6973,0.01072,0.007355,0.6973,0.697
0.6978,0.6973,0.6963,0.6973,0.6973,0.003258,0.00909,0.6973,0.6973,0.6973,0.6973,0.02602,0.01706,0.6973,0.02121,0.6973,0.6973,0.00746,0.6973,0.6973,0.6973,0.6973,0.002943,0.6973,0.0181,0.6973,0.6973,0.01337,0.6973,0.01471,0.00819,0.6973,0.6973,0.00622,0.6973,0.6973,0.6973,0.006004,0.01413,0.001881,0.6973,0.6973,0.010635,0.02127,0.01335,0.007782,0.01559,0.6973,0.008804,0.6973,0.6973,0.00746,0.01192,0.01706,0.011,0.005627,0.011,0.007793,0.6973,0.6973,0.01245,0.6973,0.00946,0.6973,0.6973,0.02121,0.6973,0.6973,0.6973,0.6973,0.6973,0.6973,0.6973,0.01616,0.6973,0.6973,0.00819,0.00357,0.00311,0.6973,0.003056,0.6973,0.6973,0.6973,0.6973,0.6973,0.008804,0.6973,0.006004,0.6973,0.01582,0.005886,0.6973,0.6973,0.001785,0.6973,0.00791,0.00909,0.6973,0.6973
0.6973,0.6973,0.697,0.6973,0.6973,0.003157,0.00827,0.6973,0.6973,0.6973,0.6973,0.01833,0.01706,0.6973,0.02121,0.6973,0.6973,0.00827,0.6973,0.6973,0.6973,0.6973,0.006203,0.6973,0.01758,0.6973,0.6973,0.006683,0.6973,0.01471,0.011116,0.6973,0.6973,0.00622,0.6973,0.6973,0.6973,0.006004,0.006283,0.00947,0.6973,0.6973,0.00536,0.006653,0.01335,0.00925,0.01559,0.6973,0.00534,0.6973,0.6973,0.006733,0.011116,0.01758,0.004826,0.00947,0.011,0.003897,0.6973,0.6973,0.010315,0.6973,0.006203,0.6973,0.6973,0.014694,0.6973,0.6973,0.6973,0.6973,0.6973,0.6973,0.6973,0.00808,0.6973,0.6973,0.01131,0.001785,0.00925,0.6973,0.003157,0.6973,0.6973,0.6973,0.6973,0.6973,0.008804,0.6973,0.004826,0.6973,0.01582,0.005886,0.6973,0.6973,0.0008926,0.6973,0.01131,0.00909,0.6973,0.6973
0.6973,0.6973,0.6973,0.6973,0.6973,0.002472,0.00563,0.6973,0.6973,0.6973,0.6973,0.00916,0.01706,0.6973,0.0137,0.6973,0.6973,0.004135,0.6973,0.6973,0.6973,0.6973,0.006203,0.6973,0.01037,0.6973,0.6973,0.003342,0.6973,0.008804,0.01092,0.6973,0.6973,0.00622,0.6973,0.6973,0.6973,0.00811,0.007042,0.006683,0.6973,0.6973,0.00536,0.003326,0.00966,0.003813,0.01135,0.6973,0.00534,0.6973,0.6973,0.01072,0.00797,0.01444,0.00483,0.012085,0.011,0.008804,0.6973,0.6973,0.006393,0.6973,0.010666,0.6973,0.6973,0.006042,0.6973,0.6973,0.6973,0.6973,0.6973,0.6973,0.6973,0.00808,0.6973,0.6973,0.01444,0.003197,0.00925,0.6973,0.005184,0.6973,0.6973,0.6973,0.6973,0.6973,0.004402,0.6973,0.00811,0.6973,0.00791,0.005886,0.6973,0.6973,0.00563,0.6973,0.003521,0.00909,0.6973,0.6973
0.6973,0.6973,0.6973,0.6973,0.6973,0.00396,0.00563,0.6973,0.6973,0.6973,0.6973,0.00916,0.01706,0.6973,0.0137,0.6973,0.6973,0.006477,0.6973,0.6973,0.6973,0.6973,0.002892,0.6973,0.006767,0.6973,0.6973,0.003342,0.6973,0.003408,0.00787,0.6973,0.6973,0.00715,0.6973,0.6973,0.6973,0.00955,0.00972,0.00198,0.6973,0.6973,0.002892,0.00448,0.00966,0.006767,0.01135,0.6973,0.001852,0.6973,0.6973,0.00536,0.005604,0.00757,0.006817,0.012085,0.004776,0.009476,0.6973,0.6973,0.006393,0.6973,0.00673,0.6973,0.6973,0.006042,0.6973,0.6973,0.6973,0.6973,0.6973,0.6973,0.6973,0.005775,0.6973,0.6973,0.012405,0.005585,0.006477,0.6973,0.002592,0.6973,0.6973,0.6973,0.6973,0.6973,0.002888,0.6973,0.00811,0.6973,0.00757,0.00787,0.6973,0.6973,0.005604,0.6973,0.003521,0.004738,0.6973,0.6973
0.6973,0.6973,0.6973,0.6973,0.6973,0.00396,0.00563,0.6973,0.6973,0.6973,0.6973,0.007965,0.014206,0.6973,0.01083,0.6973,0.6973,0.006477,0.6973,0.6973,0.6973,0.6973,0.001446,0.6973,0.00883,0.6973,0.6973,0.00837,0.6973,0.003408,0.006104,0.6973,0.6973,0.005245,0.6973,0.6973,0.6973,0.00955,0.005417,0.00198,0.6973,0.6973,0.004333,0.00448,0.008194,0.01016,0.007103,0.6973,0.001852,0.6973,0.6973,0.00536,0.005604,0.003784,0.004414,0.00508,0.002388,0.009476,0.6973,0.6973,0.003197,0.6973,0.00484,0.6973,0.6973,0.002167,0.6973,0.6973,0.6973,0.6973,0.6973,0.6973,0.6973,0.006104,0.6973,0.6973,0.00837,0.00484,0.006477,0.6973,0.005417,0.6973,0.6973,0.6973,0.6973,0.6973,0.003525,0.6973,0.004055,0.6973,0.00772,0.00772,0.6973,0.6973,0.003525,0.6973,0.003521,0.004738,0.6973,0.6973
0.6973,0.6973,0.6973,0.6973,0.6973,0.00396,0.005848,0.6973,0.6973,0.6973,0.6973,0.003075,0.008865,0.6973,0.01083,0.6973,0.6973,0.003239,0.6973,0.6973,0.6973,0.6973,0.003431,0.6973,0.00827,0.6973,0.6973,0.00837,0.6973,0.003408,0.006104,0.6973,0.6973,0.007706,0.6973,0.6973,0.6973,0.005768,0.004395,0.00505,0.6973,0.6973,0.002525,0.00448,0.002924,0.003853,0.00288,0.6973,0.003345,0.6973,0.6973,0.002197,0.005173,0.003784,0.00576,0.00254,0.002388,0.009476,0.6973,0.6973,0.001598,0.6973,0.003345,0.6973,0.6973,0.003075,0.6973,0.6973,0.6973,0.6973,0.6973,0.6973,0.6973,0.003553,0.6973,0.6973,0.007,0.00242,0.006477,0.6973,0.005417,0.6973,0.6973,0.6973,0.6973,0.6973,0.003525,0.6973,0.003553,0.6973,0.00386,0.00827,0.6973,0.6973,0.003525,0.6973,0.004433,0.005173,0.6973,0.6973
0.6973,0.6973,0.6973,0.6973,0.6973,0.00787,0.004463,0.6973,0.6973,0.6973,0.6973,0.004135,0.007317,0.6973,0.00737,0.6973,0.6973,0.003239,0.6973,0.6973,0.6973,0.6973,0.003431,0.6973,0.004272,0.6973,0.6973,0.00787,0.6973,0.001704,0.006104,0.6973,0.6973,0.00589,0.6973,0.6973,0.6973,0.004974,0.004395,0.004616,0.6973,0.6973,0.00152,0.002602,0.002783,0.005283,0.002634,0.6973,0.004616,0.6973,0.6973,0.001099,0.007324,0.0046,0.002068,0.0032,0.004974,0.0069,0.6973,0.6973,0.000799,0.6973,0.003345,0.6973,0.6973,0.002232,0.6973,0.6973,0.6973,0.6973,0.6973,0.6973,0.6973,0.00304,0.6973,0.6973,0.00502,0.002602,0.0069,0.6973,0.0023,0.6973,0.6973,0.6973,0.6973,0.6973,0.003525,0.6973,0.003553,0.6973,0.0032,0.00827,0.6973,0.6973,0.004272,0.6973,0.004803,0.002401,0.6973,0.6973
0.6973,0.6973,0.6973,0.6973,0.6973,0.00699,0.004368,0.6973,0.6973,0.6973,0.6973,0.002277,0.006058,0.6973,0.00467,0.6973,0.6973,0.002735,0.6973,0.6973,0.6973,0.6973,0.003853,0.6973,0.004368,0.6973,0.6973,0.00787,0.6973,0.004345,0.002172,0.6973,0.6973,0.002945,0.6973,0.6973,0.6973,0.002487,0.004395,0.004616,0.6973,0.6973,0.00076,0.001487,0.002783,0.002642,0.003078,0.6973,0.001567,0.6973,0.6973,0.001099,0.005264,0.003601,0.00472,0.0032,0.003649,0.0069,0.6973,0.6973,0.001567,0.6973,0.002974,0.6973,0.6973,0.002735,0.6973,0.6973,0.6973,0.6973,0.6973,0.6973,0.6973,0.00304,0.6973,0.6973,0.003649,0.003601,0.00465,0.6973,0.00115,0.6973,0.6973,0.6973,0.6973,0.6973,0.003078,0.6973,0.003553,0.6973,0.005264,0.004135,0.6973,0.6973,0.003853,0.6973,0.006058,0.00465,0.6973,0.6973
0.6973,0.6973,0.6973,0.6973,0.6973,0.006523,0.004368,0.6973,0.6973,0.6973,0.6973,0.003206,0.004448,0.6973,0.00426,0.6973,0.6973,0.003998,0.6973,0.6973,0.6973,0.6973,0.00426,0.6973,0.004368,0.6973,0.6973,0.003258,0.6973,0.00611,0.002172,0.6973,0.6973,0.00142,0.6973,0.6973,0.6973,0.002487,0.003685,0.002682,0.6973,0.6973,0.0029,0.0007434,0.002783,0.001321,0.003899,0.6973,0.0007834,0.6973,0.6973,0.0005493,0.001999,0.003601,0.003775,0.0016,0.001824,0.0069,0.6973,0.6973,0.001567,0.6973,0.003685,0.6973,0.6973,0.004448,0.6973,0.6973,0.6973,0.6973,0.6973,0.6973,0.6973,0.0019,0.6973,0.6973,0.003428,0.003601,0.00465,0.6973,0.003258,0.6973,0.6973,0.6973,0.6973,0.6973,0.003078,0.6973,0.003553,0.6973,0.005264,0.003428,0.6973,0.6973,0.003853,0.6973,0.003262,0.003775,0.6973,0.6973
0.6973,0.6973,0.6973,0.6973,0.6973,0.006523,0.004368,0.6973,0.6973,0.6973,0.6973,0.001603,0.003674,0.6973,0.00426,0.6973,0.6973,0.002708,0.6973,0.6973,0.6973,0.6973,0.00213,0.6973,0.004368,0.6973,0.6973,0.00343,0.6973,0.003304,0.002037,0.6973,0.6973,0.00299,0.6973,0.6973,0.6973,0.002783,0.00294,0.00259,0.6973,0.6973,0.003763,0.0007434,0.00299,0.001321,0.003899,0.6973,0.0007834,0.6973,0.6973,0.0002747,0.001999,0.001801,0.001678,0.0016,0.00259,0.004356,0.6973,0.6973,0.003008,0.6973,0.003685,0.6973,0.6973,0.003218,0.6973,0.6973,0.6973,0.6973,0.6973,0.6973,0.6973,0.002037,0.6973,0.6973,0.003428,0.00343,0.003956,0.6973,0.0027,0.6973,0.6973,0.6973,0.6973,0.6973,0.001391,0.6973,0.001652,0.6973,0.002178,0.003218,0.6973,0.6973,0.003763,0.6973,0.001978,0.0027,0.6973,0.6973
0.6973,0.6973,0.6973,0.6973,0.6973,0.003262,0.0014925,0.6973,0.6973,0.6973,0.6973,0.002188,0.003674,0.6973,0.00319,0.6973,0.6973,0.003197,0.6973,0.6973,0.6973,0.6973,0.001676,0.6973,0.001767,0.6973,0.6973,0.001715,0.6973,0.001631,0.0007753,0.6973,0.6973,0.00299,0.6973,0.6973,0.6973,0.002436,0.00294,0.001067,0.6973,0.6973,0.003763,0.0007434,0.003376,0.002838,0.003899,0.6973,0.001011,0.6973,0.6973,0.002115,0.002089,0.001676,0.002834,0.0008,0.001295,0.001419,0.6973,0.6973,0.001504,0.6973,0.003208,0.6973,0.6973,0.003208,0.6973,0.6973,0.6973,0.6973,0.6973,0.6973,0.6973,0.001019,0.6973,0.6973,0.003428,0.002808,0.00319,0.6973,0.002834,0.6973,0.6973,0.6973,0.6973,0.6973,0.002808,0.6973,0.001652,0.6973,0.002567,0.001011,0.6973,0.6973,0.001688,0.6973,0.001978,0.002567,0.6973,0.6973
0.6973,0.6973,0.6973,0.6973,0.6973,0.001257,0.001146,0.6973,0.6973,0.6973,0.6973,0.002188,0.001837,0.6973,0.002583,0.6973,0.6973,0.001218,0.6973,0.6973,0.6973,0.6973,0.0007057,0.6973,0.001238,0.6973,0.6973,0.002327,0.6973,0.001631,0.001678,0.6973,0.6973,0.00299,0.6973,0.6973,0.6973,0.002436,0.002327,0.001067,0.6973,0.6973,0.003763,0.001791,0.001688,0.001791,0.003899,0.6973,0.001011,0.6973,0.6973,0.002115,0.002449,0.001238,0.002834,0.0007057,0.001931,0.0007095,0.6973,0.6973,0.0006304,0.6973,0.002449,0.6973,0.6973,0.003208,0.6973,0.6973,0.6973,0.6973,0.6973,0.6973,0.6973,0.001261,0.6973,0.6973,0.003428,0.002808,0.00319,0.6973,0.002834,0.6973,0.6973,0.6973,0.6973,0.6973,0.0012245,0.6973,0.001652,0.6973,0.002567,0.001011,0.6973,0.6973,0.002449,0.6973,0.001678,0.001931,0.6973,0.6973
0.6973,0.6973,0.6973,0.6973,0.6973,0.001259,0.001991,0.6973,0.6973,0.6973,0.6973,0.001129,0.000872,0.6973,0.002583,0.6973,0.6973,0.001772,0.6973,0.6973,0.6973,0.6973,0.0003529,0.6973,0.001362,0.6973,0.6973,0.001772,0.6973,0.001205,0.000839,0.6973,0.6973,0.00299,0.6973,0.6973,0.6973,0.001218,0.001129,0.0005336,0.6973,0.6973,0.003763,0.001791,0.001688,0.0008955,0.002455,0.6973,0.00184,0.6973,0.6973,0.002115,0.001676,0.001238,0.002642,0.0007057,0.001688,0.001676,0.6973,0.6973,0.001919,0.6973,0.002449,0.6973,0.6973,0.001919,0.6973,0.6973,0.6973,0.6973,0.6973,0.6973,0.6973,0.001259,0.6973,0.6973,0.003428,0.0008564,0.000844,0.6973,0.002241,0.6973,0.6973,0.6973,0.6973,0.6973,0.001915,0.6973,0.001744,0.6973,0.002241,0.001362,0.6973,0.6973,0.002449,0.6973,0.001678,0.0009656,0.6973,0.6973
0.6973,0.6973,0.6973,0.6973,0.6973,0.001467,0.002516,0.6973,0.6973,0.6973,0.6973,0.0005646,0.002317,0.6973,0.001564,0.6973,0.6973,0.001667,0.6973,0.6973,0.6973,0.6973,0.0003529,0.6973,0.002045,0.6973,0.6973,0.001373,0.6973,0.001489,0.0004516,0.6973,0.6973,0.00299,0.6973,0.6973,0.6973,0.000802,0.001129,0.0005336,0.6973,0.6973,0.002317,0.001205,0.0018015,0.0004478,0.000839,0.6973,0.00184,0.6973,0.6973,0.002018,0.001939,0.000619,0.001022,0.000839,0.001755,0.000871,0.6973,0.6973,0.001299,0.6973,0.002449,0.6973,0.6973,0.0009694,0.6973,0.6973,0.6973,0.6973,0.6973,0.6973,0.6973,0.001373,0.6973,0.6973,0.002516,0.001564,0.000844,0.6973,0.002241,0.6973,0.6973,0.6973,0.6973,0.6973,0.0018015,0.6973,0.001858,0.6973,0.001959,0.001858,0.6973,0.6973,0.001667,0.6973,0.0008774,0.001205,0.6973,0.6973
0.6973,0.6973,0.6973,0.6973,0.6973,0.001991,0.001045,0.6973,0.6973,0.6973,0.6973,0.001026,0.001159,0.6973,0.000782,0.6973,0.6973,0.001667,0.6973,0.6973,0.6973,0.6973,0.0003529,0.6973,0.002045,0.6973,0.6973,0.0006866,0.6973,0.001252,0.0004516,0.6973,0.6973,0.001648,0.6973,0.6973,0.6973,0.000802,0.000984,0.0005236,0.6973,0.6973,0.002317,0.001205,0.001648,0.0004857,0.000839,0.6973,0.0014305,0.6973,0.6973,0.000626,0.001614,0.0003095,0.001593,0.000984,0.001593,0.000871,0.6973,0.6973,0.001695,0.6973,0.002449,0.6973,0.6973,0.0009694,0.6973,0.6973,0.6973,0.6973,0.6973,0.6973,0.6973,0.0006447,0.6973,0.6973,0.000996,0.0008297,0.000844,0.6973,0.002241,0.6973,0.6973,0.6973,0.6973,0.6973,0.0009007,0.6973,0.001858,0.6973,0.001959,0.001858,0.6973,0.6973,0.0008473,0.6973,0.0004148,0.001614,0.6973,0.6973
0.6973,0.6973,0.6973,0.6973,0.6973,0.001598,0.0006647,0.6973,0.6973,0.6973,0.6973,0.001442,0.001159,0.6973,0.000391,0.6973,0.6973,0.001953,0.6973,0.6973,0.6973,0.6973,0.0003312,0.6973,0.002045,0.6973,0.6973,0.0009155,0.6973,0.000626,0.0006475,0.6973,0.6973,0.001262,0.6973,0.6973,0.6973,0.000802,0.001478,0.0005236,0.6973,0.6973,0.001159,0.001598,0.001311,0.0006022,0.000839,0.6973,0.001181,0.6973,0.6973,0.000626,0.001129,0.000481,0.0006022,0.000984,0.0005903,0.0007157,0.6973,0.6973,0.001478,0.6973,0.002449,0.6973,0.6973,0.0009694,0.6973,0.6973,0.6973,0.6973,0.6973,0.6973,0.6973,0.001129,0.6973,0.6973,0.0003579,0.0004148,0.0003238,0.6973,0.001184,0.6973,0.6973,0.6973,0.6973,0.6973,0.0009007,0.6973,0.001858,0.6973,0.001311,0.001442,0.6973,0.6973,0.0008473,0.6973,0.001184,0.0004578,0.6973,0.6973
0.6973,0.6973,0.6973,0.6973,0.6973,0.001598,0.0006647,0.6973,0.6973,0.6973,0.6973,0.001163,0.001159,0.6973,0.0003266,0.6973,0.6973,0.000746,0.6973,0.6973,0.6973,0.6973,0.0003312,0.6973,0.002045,0.6973,0.6973,0.0006533,0.6973,0.000313,0.001076,0.6973,0.6973,0.001262,0.6973,0.6973,0.6973,0.000802,0.001478,0.0005236,0.6973,0.6973,0.001159,0.001598,0.0012455,0.001076,0.001141,0.6973,0.0012455,0.6973,0.6973,0.001289,0.0005646,0.0002404,0.0006022,0.000984,0.000907,0.0007157,0.6973,0.6973,0.001224,0.6973,0.0007744,0.6973,0.6973,0.000907,0.6973,0.6973,0.6973,0.6973,0.6973,0.6973,0.6973,0.000964,0.6973,0.6973,0.0007434,0.0004148,0.0006123,0.6973,0.0005813,0.6973,0.6973,0.6973,0.6973,0.6973,0.0003061,0.6973,0.000929,0.6973,0.001311,0.001442,0.6973,0.6973,0.000746,0.6973,0.000964,0.0004578,0.6973,0.6973
0.6973,0.6973,0.6973,0.6973,0.6973,0.001294,0.0004935,0.6973,0.6973,0.6973,0.6973,0.001163,0.001159,0.6973,0.0003266,0.6973,0.6973,0.000746,0.6973,0.6973,0.6973,0.6973,0.000161,0.6973,0.002045,0.6973,0.6973,0.0006533,0.6973,0.001055,0.001076,0.6973,0.6973,0.001262,0.6973,0.6973,0.6973,0.000401,0.001478,0.0002618,0.6973,0.6973,0.001235,0.001598,0.0006227,0.000538,0.0005703,0.6973,0.0012455,0.6973,0.6973,0.000852,0.0002823,0.0002404,0.0006022,0.000984,0.0004678,0.00084,0.6973,0.6973,0.000612,0.6973,0.0004203,0.6973,0.6973,0.000667,0.6973,0.6973,0.6973,0.6973,0.6973,0.6973,0.6973,0.0008845,0.6973,0.6973,0.0007434,0.000426,0.0006123,0.6973,0.0002906,0.6973,0.6973,0.6973,0.6973,0.6973,0.0003061,0.6973,0.0004423,0.6973,0.000495,0.001055,0.6973,0.6973,0.001294,0.6973,0.0004678,0.0004578,0.6973,0.6973
0.6973,0.6973,0.6973,0.6973,0.6973,0.0003836,0.0004935,0.6973,0.6973,0.6973,0.6973,0.0007267,0.0004563,0.6973,0.0003266,0.6973,0.6973,0.000996,0.6973,0.6973,0.6973,0.6973,0.000161,0.6973,0.002045,0.6973,0.6973,0.000633,0.6973,0.001055,0.000497,0.6973,0.6973,0.001262,0.6973,0.6973,0.6973,0.000495,0.000739,0.0002618,0.6973,0.6973,0.0006886,0.000799,0.0004792,0.000269,0.0004857,0.6973,0.000996,0.6973,0.6973,0.000852,0.0005045,0.000767,0.0003443,0.000984,0.0004678,0.00084,0.6973,0.6973,0.000459,0.6973,0.000707,0.6973,0.6973,0.000707,0.6973,0.6973,0.6973,0.6973,0.6973,0.6973,0.6973,0.0004423,0.6973,0.6973,0.0007434,0.000426,0.000633,0.6973,0.0002475,0.6973,0.6973,0.6973,0.6973,0.6973,0.000459,0.6973,0.0004423,0.6973,0.000495,0.001055,0.6973,0.6973,0.0009584,0.6973,0.0002339,0.0004578,0.6973,0.6973
0.6973,0.6973,0.6973,0.6973,0.6973,0.001214,0.0004935,0.6973,0.6973,0.6973,0.6973,0.000536,0.0003138,0.6973,0.0004258,0.6973,0.6973,0.000996,0.6973,0.6973,0.6973,0.6973,0.000161,0.6973,0.00083,0.6973,0.6973,0.000736,0.6973,0.001055,0.000497,0.6973,0.6973,0.000483,0.6973,0.6973,0.6973,0.000837,0.0003695,0.0003061,0.6973,0.6973,0.0004258,0.00083,0.0002396,0.0001345,0.0004857,0.6973,0.000498,0.6973,0.6973,0.001033,0.0002522,0.001015,0.0003443,0.0007153,0.0003648,0.000368,0.6973,0.6973,0.000483,0.6973,0.0007153,0.6973,0.6973,0.0003536,0.6973,0.6973,0.6973,0.6973,0.6973,0.6973,0.6973,0.000268,0.6973,0.6973,0.000619,0.000426,0.000633,0.6973,0.0001531,0.6973,0.6973,0.6973,0.6973,0.6973,0.000459,0.6973,0.0002211,0.6973,0.0002475,0.0004184,0.6973,0.6973,0.0009584,0.6973,0.0002339,0.0004578,0.6973,0.6973
